,gr9_all_tests,gr9_maths,gr9_reading,sat,act,sat/act_pct
001902001,87.9,87.9,100,903,19.6,61.1
001902041,.,.,.,.,.,.
001902103,.,.,.,.,.,.
001903001,54.9,61.9,78.2,1059,20.9,52.6
001903041,.,.,.,.,.,.
001903101,.,.,.,.,.,.
001904001,74,79.2,90,962,19.4,55.3
001904041,.,.,.,.,.,.
001904102,.,.,.,.,.,.
001906002,70.8,77.3,91.7,986,25.4,44.4
001906102,.,.,.,.,.,.
001907001,51.2,55.1,75.5,936,20.1,56
001907041,.,.,.,.,.,.
001907042,.,.,.,.,.,.
001907101,.,.,.,.,.,.
001907104,.,.,.,.,.,.
001907107,.,.,.,.,.,.
001907110,.,.,.,.,.,.
001908002,78.8,78.1,98.1,1009,19.8,42.5
001908041,.,.,.,.,.,.
001908101,.,.,.,.,.,.
001908102,.,.,.,.,.,.
001909001,72.7,70,90.5,.,24.6,35.3
001909101,.,.,.,.,.,.
002901001,55.5,59.7,85,919,18.9,46.4
002901002,.,.,.,.,.,.
002901041,.,.,.,.,.,.
002901101,.,.,.,.,.,.
002901103,.,.,.,.,.,.
002901104,.,.,.,.,.,.
002901105,.,.,.,.,.,.
003801001,.,.,.,.,.,.
003902001,75.8,82.9,87.6,1014,21,51.8
003902004,.,.,.,.,.,.
003902041,.,.,.,.,.,.
003902101,.,.,.,.,.,.
003902102,.,.,.,.,.,.
003903001,75.3,78.4,89.4,947,17.3,58.9
003903004,.,.,.,.,.,0
003903044,.,.,.,.,.,.
003903120,.,.,.,.,.,.
003903121,.,.,.,.,.,.
003903122,.,.,.,.,.,.
003903123,.,.,.,.,.,.
003903124,.,.,.,.,.,.
003903125,.,.,.,.,.,.
003903126,.,.,.,.,.,.
003903127,.,.,.,.,.,.
003903128,.,.,.,.,.,.
003903129,.,.,.,.,.,.
003903130,.,.,.,.,.,.
003903140,.,.,.,.,.,.
003903141,.,.,.,.,.,.
003903201,.,.,.,.,.,.
003904001,73.4,75.9,92.9,921,17.8,56
003904005,.,.,.,.,.,0
003904041,.,.,.,.,.,.
003904101,.,.,.,.,.,.
003904102,.,.,.,.,.,.
003905001,49.6,56.1,73.6,818,16.9,72.1
003905004,.,.,.,.,.,0
003905041,.,.,.,.,.,.
003905101,.,.,.,.,.,.
003905102,.,.,.,.,.,.
003906001,88,92,95.7,.,.,41.2
003906101,.,.,.,.,.,.
003907001,65.8,68.2,84.1,968,19,43.8
003907004,.,.,.,.,.,0
003907041,.,.,.,.,.,.
003907101,.,.,.,.,.,.
003907102,.,.,.,.,.,.
004901001,65.3,72.1,80.3,966,18.4,56
004901041,.,.,.,.,.,.
004901101,.,.,.,.,.,.
004901102,.,.,.,.,.,.
004901103,.,.,.,.,.,.
005901001,73.9,75.6,95.2,873,19.9,57.9
005901101,.,.,.,.,.,.
005902001,69.8,70.5,90.3,1070,20.3,58.1
005902041,.,.,.,.,.,.
005902101,.,.,.,.,.,.
005903001,.,.,.,.,.,0
005904001,90.6,93.8,96.6,957,22.8,72
005904101,.,.,.,.,.,.
006902001,72.4,71.4,96.3,1054,21.9,81.5
006902101,.,.,.,.,.,.
007901001,59.3,66.7,87.5,.,15.9,69.6
007901041,.,.,.,.,.,.
007901101,.,.,.,.,.,.
007902001,44.9,44.7,83.3,995,21.1,57.9
007902002,.,.,.,.,.,.
007902004,.,.,.,.,.,.
007902005,.,.,.,.,.,.
007902041,.,.,.,.,.,.
007902101,.,.,.,.,.,.
007904001,43.1,44.8,75.4,960,19.4,50.7
007904002,.,.,.,.,.,.
007904041,.,.,.,.,.,.
007904042,.,.,.,.,.,.
007904101,.,.,.,.,.,.
007904103,.,.,.,.,.,.
007905001,73.8,77.4,91,967,19.8,53.5
007905003,.,.,.,.,.,.
007905004,.,.,.,.,.,.
007905041,.,.,.,.,.,.
007905102,.,.,.,.,.,.
007905103,.,.,.,.,.,.
007905104,.,.,.,.,.,.
007905105,.,.,.,.,.,.
007906001,45.3,46.2,82.1,903,18.1,38.6
007906003,.,.,.,.,.,.
007906041,.,.,.,.,.,.
007906101,.,.,.,.,.,.
008901001,82.1,84.1,90.5,1015,20.8,76.6
008901041,.,.,.,.,.,.
008901101,.,.,.,.,.,.
008901102,.,.,.,.,.,.
008901105,.,.,.,.,.,.
008902001,72.4,76.1,85.4,987,20.1,55.3
008902041,.,.,.,.,.,.
008902102,.,.,.,.,.,.
008902103,.,.,.,.,.,.
008903001,47.3,52.8,67.3,964,17.8,60.7
008903041,.,.,.,.,.,.
008903102,.,.,.,.,.,.
009901001,60.4,65.6,81.7,.,19.6,74.1
009901002,.,.,.,.,.,0
009901041,.,.,.,.,.,.
009901101,.,.,.,.,.,.
009901103,.,.,.,.,.,.
010901001,90.5,94.7,95.2,997,20.5,.
010901101,.,.,.,.,.,.
010902001,74.8,82.5,86.5,1011,21.1,77.3
010902041,.,.,.,.,.,.
010902101,.,.,.,.,.,.
010902102,.,.,.,.,.,.
011901001,49.6,52.5,77.1,982,18.9,52.5
011901022,.,.,.,.,.,50
011901033,.,.,.,.,.,.
011901041,.,.,.,.,.,.
011901101,.,.,.,.,.,.
011901102,.,.,.,.,.,.
011901103,.,.,.,.,.,.
011901104,.,.,.,.,.,.
011901106,.,.,.,.,.,.
011901107,.,.,.,.,.,.
011902001,56.3,62.6,80.8,968,19.2,39.9
011902004,.,.,.,.,.,.
011902041,.,.,.,.,.,.
011902101,.,.,.,.,.,.
011902102,.,.,.,.,.,.
011904002,67.7,71.2,88.6,958,19.7,55.3
011904039,33.3,20,.,.,.,.
011904041,.,.,.,.,.,.
011904101,.,.,.,.,.,.
011904102,.,.,.,.,.,.
011905101,.,.,.,.,.,.
012901001,65.4,76.5,76.6,1044,21.5,81.6
012901042,.,.,.,.,.,.
012901101,.,.,.,.,.,.
013801101,.,.,.,.,.,.
013901001,64,70,75.7,919,18.1,69.8
013901002,.,.,.,.,.,0
013901041,.,.,.,.,.,.
013901101,.,.,.,.,.,.
013901102,.,.,.,.,.,.
013901104,.,.,.,.,.,.
013901105,.,.,.,.,.,.
013901106,.,.,.,.,.,.
013902101,.,.,.,.,.,.
013903001,56.1,57.9,84.2,959,19.1,41.2
013903101,.,.,.,.,.,.
013905001,65.8,67.6,86.8,.,19.4,52.8
013905041,.,.,.,.,.,.
013905101,.,.,.,.,.,.
014801001,0,.,.,.,.,0
014802001,66.7,.,83.3,.,.,0
014803101,55.6,42.9,75,.,.,.
014804001,.,.,.,.,.,.
014901001,69.1,77.9,81,1057,22.3,63.1
014901041,.,.,.,.,.,.
014901101,.,.,.,.,.,.
014902001,35.5,41.4,70,908,18.4,64
014902002,.,.,.,.,.,.
014902041,.,.,.,.,.,.
014902101,.,.,.,.,.,.
014903001,65.6,67.8,87.5,1014,19.6,98.9
014903005,.,.,.,.,16.5,100
014903006,.,.,.,.,.,.
014903041,.,.,.,.,.,.
014903102,.,.,.,.,.,.
014903103,.,.,.,.,.,.
014903104,.,.,.,.,.,.
014903108,.,.,.,.,.,.
014903109,.,.,.,.,.,.
014903110,.,.,.,.,.,.
014903111,.,.,.,.,.,.
014903112,.,.,.,.,.,.
014905001,84.2,84.2,94.4,1019,20.9,40
014905041,.,.,.,.,.,.
014905101,.,.,.,.,.,.
014906001,57.7,63.6,78.9,910,18.6,60.4
014906002,65.7,67.9,89.5,932,18.8,60.9
014906004,.,.,.,.,.,.
014906006,.,.,.,.,.,0
014906007,68.8,70.7,89.3,995,21.6,67.2
014906008,59.7,61.5,83.4,888,17.1,53.3
014906009,.,.,.,.,.,.
014906022,.,.,.,.,.,.
014906025,30.8,12.5,81.8,.,.,.
014906026,.,.,.,.,.,.
014906041,.,.,.,.,.,.
014906042,.,.,.,.,.,.
014906043,.,.,.,.,.,.
014906044,.,.,.,.,.,.
014906045,.,.,.,.,.,.
014906046,.,.,.,.,.,.
014906048,.,.,.,.,.,.
014906049,.,.,.,.,.,.
014906050,.,.,.,.,.,.
014906102,.,.,.,.,.,.
014906103,.,.,.,.,.,.
014906104,.,.,.,.,.,.
014906105,.,.,.,.,.,.
014906106,.,.,.,.,.,.
014906108,.,.,.,.,.,.
014906109,.,.,.,.,.,.
014906110,.,.,.,.,.,.
014906111,.,.,.,.,.,.
014906112,.,.,.,.,.,.
014906113,.,.,.,.,.,.
014906114,.,.,.,.,.,.
014906115,.,.,.,.,.,.
014906116,.,.,.,.,.,.
014906117,.,.,.,.,.,.
014906119,.,.,.,.,.,.
014906120,.,.,.,.,.,.
014906121,.,.,.,.,.,.
014906122,.,.,.,.,.,.
014906123,.,.,.,.,.,.
014906124,.,.,.,.,.,.
014906125,.,.,.,.,.,.
014906126,.,.,.,.,.,.
014906127,.,.,.,.,.,.
014906128,.,.,.,.,.,.
014906129,.,.,.,.,.,.
014907001,73.2,75.9,90.6,906,18.2,52.8
014907041,.,.,.,.,.,.
014907102,.,.,.,.,.,.
014908001,61,65.4,83.5,1125,20.1,60
014908041,.,.,.,.,.,.
014908101,.,.,.,.,.,.
014909002,64.1,70,79,1024,21.5,66.5
014909006,.,.,.,.,.,.
014909041,.,.,.,.,.,.
014909042,.,.,.,.,.,.
014909044,.,.,.,.,.,.
014909101,.,.,.,.,.,.
014909102,.,.,.,.,.,.
014909107,.,.,.,.,.,.
014909110,.,.,.,.,.,.
014909111,.,.,.,.,.,.
014909114,.,.,.,.,.,.
014909115,.,.,.,.,.,.
014909116,.,.,.,.,.,.
014909117,.,.,.,.,.,.
014909118,.,.,.,.,.,.
014910001,64.1,67.9,87.4,956,20.6,83.3
014910041,.,.,.,.,.,.
014910101,.,.,.,.,.,.
014910103,.,.,.,.,.,.
015801001,27.3,0,72.7,928,.,13.5
015801002,48.6,46.4,82.9,.,.,.
015802001,33.3,0,47.4,.,.,2.6
015802002,.,.,.,.,.,0
015803101,16.7,16.7,60,.,.,.
015805101,.,.,.,.,.,.
015806101,35.3,37.5,81.3,.,.,.
015806103,.,.,.,.,.,.
015807001,29.7,28.1,76.7,.,.,8.8
015807002,30,0,66.7,.,.,0
015807003,50,.,80,.,.,.
015807004,23.8,26.3,53.3,.,.,.
015807005,16.7,.,.,.,.,.
015808001,.,.,.,.,.,.
015808002,10.5,11.8,62.5,.,.,.
015808003,.,.,.,.,.,.
015809101,.,.,.,.,.,.
015810001,11.1,12.5,28.6,.,.,.
015811101,.,.,.,.,.,.
015812001,20,0,50,.,.,.
015813041,.,.,.,.,.,.
015814001,29.4,10,58.3,.,.,0
015815001,18.8,20,68.8,.,.,.
015815101,33.3,33.3,100,.,.,.
015816001,36.4,12.5,54.5,.,.,.
015817001,.,.,.,.,.,.
015818001,36.4,25,83.3,.,.,.
015818002,0,0,50,.,.,0
015819001,.,.,.,.,.,.
015819101,.,.,.,.,.,.
015819102,.,.,.,.,.,.
015820001,28.6,40,33.3,.,.,0
015822001,51.9,45.8,100,.,.,.
015823001,16,12.5,33.3,.,.,.
015901001,82.3,83.8,94.7,1129,23.2,85.8
015901002,.,.,.,.,.,.
015901041,.,.,.,.,.,.
015901101,.,.,.,.,.,.
015901102,.,.,.,.,.,.
015901104,.,.,.,.,.,.
015904001,43.4,45.2,76.7,805,16.5,54.3
015904002,51.2,54.9,76.9,798,17.4,50.3
015904003,.,.,.,.,.,.
015904004,40,40,.,.,.,2.9
015904007,.,.,.,.,.,.
015904008,.,.,.,.,.,.
015904010,.,.,.,.,.,.
015904041,.,.,.,.,.,.
015904042,.,.,.,.,.,.
015904043,.,.,.,.,.,.
015904044,.,.,.,.,.,.
015904045,.,.,.,.,.,.
015904046,.,.,.,.,.,.
015904047,.,.,.,.,.,.
015904101,.,.,.,.,.,.
015904102,.,.,.,.,.,.
015904103,.,.,.,.,.,.
015904104,.,.,.,.,.,.
015904105,.,.,.,.,.,.
015904106,.,.,.,.,.,.
015904107,.,.,.,.,.,.
015904108,.,.,.,.,.,.
015904109,.,.,.,.,.,.
015904110,.,.,.,.,.,.
015904111,.,.,.,.,.,.
015904113,.,.,.,.,.,.
015904114,.,.,.,.,.,.
015904115,.,.,.,.,.,.
015904116,.,.,.,.,.,.
015904117,.,.,.,.,.,.
015905002,40,43.2,72.1,788,15.5,54.3
015905003,43,46.7,75.5,836,15.3,49.1
015905006,.,.,.,.,.,2.3
015905007,54.2,54.5,83.3,.,.,.
015905010,.,.,.,.,.,.
015905041,.,.,.,.,.,.
015905044,.,.,.,.,.,.
015905045,.,.,.,.,.,.
015905046,.,.,.,.,.,.
015905101,.,.,.,.,.,.
015905102,.,.,.,.,.,.
015905104,.,.,.,.,.,.
015905105,.,.,.,.,.,.
015905106,.,.,.,.,.,.
015905107,.,.,.,.,.,.
015905108,.,.,.,.,.,.
015905109,.,.,.,.,.,.
015905112,.,.,.,.,.,.
015905114,.,.,.,.,.,.
015905115,.,.,.,.,.,.
015905116,.,.,.,.,.,.
015905117,.,.,.,.,.,.
015906001,90.7,93.2,94.4,1008,21.5,96.6
015906041,.,.,.,.,.,.
015906101,.,.,.,.,.,.
015907001,58.3,60.6,79.7,894,18.2,64
015907002,50.3,54.3,70.8,792,17,73.3
015907003,40.7,43.9,67.3,811,16.6,52.1
015907004,40.7,43.1,65.9,762,16.2,49.5
015907005,55.3,59.1,79.5,843,17.6,63.3
015907006,26.9,31.4,59.9,739,15.7,79.1
015907007,60.8,64.8,81.3,809,16.7,60.8
015907008,38.1,42.9,66.5,759,15.1,55.4
015907010,.,.,.,.,.,0
015907011,.,.,.,.,.,.
015907014,26.1,25,52.6,795,16.3,32.8
015907020,.,.,.,.,.,.
015907041,.,.,.,.,.,.
015907042,.,.,.,.,.,.
015907043,.,.,.,.,.,.
015907046,.,.,.,.,.,.
015907047,.,.,.,.,.,.
015907049,.,.,.,.,.,.
015907050,.,.,.,.,.,.
015907051,.,.,.,.,.,.
015907052,.,.,.,.,.,.
015907053,.,.,.,.,.,.
015907054,.,.,.,.,.,.
015907055,.,.,.,.,.,.
015907056,.,.,.,.,.,.
015907057,.,.,.,.,.,.
015907058,.,.,.,.,.,.
015907059,.,.,.,.,.,.
015907061,.,.,.,.,.,.
015907063,.,.,.,.,.,.
015907064,.,.,.,.,.,.
015907101,.,.,.,.,.,.
015907102,.,.,.,.,.,.
015907103,.,.,.,.,.,.
015907105,.,.,.,.,.,.
015907106,.,.,.,.,.,.
015907107,.,.,.,.,.,.
015907108,.,.,.,.,.,.
015907109,.,.,.,.,.,.
015907110,.,.,.,.,.,.
015907111,.,.,.,.,.,.
015907112,.,.,.,.,.,.
015907114,.,.,.,.,.,.
015907115,.,.,.,.,.,.
015907116,.,.,.,.,.,.
015907117,.,.,.,.,.,.
015907118,.,.,.,.,.,.
015907119,.,.,.,.,.,.
015907121,.,.,.,.,.,.
015907123,.,.,.,.,.,.
015907124,.,.,.,.,.,.
015907125,.,.,.,.,.,.
015907126,.,.,.,.,.,.
015907127,.,.,.,.,.,.
015907129,.,.,.,.,.,.
015907131,.,.,.,.,.,.
015907132,.,.,.,.,.,.
015907134,.,.,.,.,.,.
015907135,.,.,.,.,.,.
015907136,.,.,.,.,.,.
015907137,.,.,.,.,.,.
015907139,.,.,.,.,.,.
015907140,.,.,.,.,.,.
015907141,.,.,.,.,.,.
015907143,.,.,.,.,.,.
015907144,.,.,.,.,.,.
015907145,.,.,.,.,.,.
015907146,.,.,.,.,.,.
015907147,.,.,.,.,.,.
015907148,.,.,.,.,.,.
015907149,.,.,.,.,.,.
015907150,.,.,.,.,.,.
015907153,.,.,.,.,.,.
015907155,.,.,.,.,.,.
015907156,.,.,.,.,.,.
015907157,.,.,.,.,.,.
015907158,.,.,.,.,.,.
015907159,.,.,.,.,.,.
015907160,.,.,.,.,.,.
015907161,.,.,.,.,.,.
015907162,.,.,.,.,.,.
015907164,.,.,.,.,.,.
015907165,.,.,.,.,.,.
015907167,.,.,.,.,.,.
015907168,.,.,.,.,.,.
015907169,.,.,.,.,.,.
015907170,.,.,.,.,.,.
015907171,.,.,.,.,.,.
015907172,.,.,.,.,.,.
015907173,.,.,.,.,.,.
015907174,.,.,.,.,.,.
015907175,.,.,.,.,.,.
015907176,.,.,.,.,.,.
015907179,.,.,.,.,.,.
015907180,.,.,.,.,.,.
015907181,.,.,.,.,.,.
015907182,27.3,18.8,43.8,.,.,0
015907183,.,.,.,.,.,.
015907184,.,.,.,.,.,.
015907186,.,.,.,.,.,.
015907191,.,.,.,.,.,.
015907194,.,.,.,.,.,.
015907195,.,.,.,.,.,.
015907201,.,.,.,.,.,.
015907202,.,.,.,.,.,.
015907203,.,.,.,.,.,.
015908001,32.6,32.9,73,801,15.9,61.4
015908002,47.8,51,77.1,834,16.7,66.7
015908037,.,.,.,.,.,.
015908038,.,.,.,.,.,0
015908039,.,.,.,.,.,.
015908041,.,.,.,.,.,.
015908042,.,.,.,.,.,.
015908043,.,.,.,.,.,.
015908101,.,.,.,.,.,.
015908104,.,.,.,.,.,.
015908105,.,.,.,.,.,.
015908106,.,.,.,.,.,.
015908107,.,.,.,.,.,.
015908108,.,.,.,.,.,.
015908109,.,.,.,.,.,.
015908110,.,.,.,.,.,.
015908112,.,.,.,.,.,.
015908113,.,.,.,.,.,.
015909001,44.2,50,73,902,20.7,48.5
015909002,.,.,.,.,.,.
015909041,.,.,.,.,.,.
015909101,.,.,.,.,.,.
015909102,.,.,.,.,.,.
015909103,.,.,.,.,.,.
015909104,.,.,.,.,.,.
015910001,60.9,63.6,83.4,953,18.1,60.1
015910002,76,77.8,90.1,1047,21.7,76.5
015910003,82.3,82.8,95,1039,20.8,87.5
015910004,60.5,64.4,81.6,934,18.4,59.2
015910005,73.8,74.7,92.9,982,20.9,81.6
015910006,.,.,.,.,.,.
015910007,86.3,86.8,96,1057,21.8,99.1
015910008,.,.,.,1019,.,32.3
015910009,81.9,81.9,97.4,1053,21.8,95
015910011,.,.,.,.,.,.
015910012,.,.,.,.,.,.
015910022,.,.,.,.,.,.
015910041,.,.,.,.,.,.
015910042,.,.,.,.,.,.
015910043,.,.,.,.,.,.
015910044,.,.,.,.,.,.
015910045,.,.,.,.,.,.
015910046,.,.,.,.,.,.
015910047,.,.,.,.,.,.
015910048,.,.,.,.,.,.
015910049,.,.,.,.,.,.
015910050,.,.,.,.,.,.
015910053,.,.,.,.,.,.
015910054,.,.,.,.,.,0
015910055,.,.,.,.,.,.
015910056,.,.,.,.,.,.
015910070,.,.,.,.,.,0
015910071,.,.,.,.,.,.
015910074,.,.,.,.,.,.
015910075,.,.,.,.,.,.
015910101,.,.,.,.,.,.
015910102,.,.,.,.,.,.
015910103,.,.,.,.,.,.
015910104,.,.,.,.,.,.
015910105,.,.,.,.,.,.
015910106,.,.,.,.,.,.
015910107,.,.,.,.,.,.
015910108,.,.,.,.,.,.
015910109,.,.,.,.,.,.
015910110,.,.,.,.,.,.
015910111,.,.,.,.,.,.
015910112,.,.,.,.,.,.
015910113,.,.,.,.,.,.
015910114,.,.,.,.,.,.
015910115,.,.,.,.,.,.
015910116,.,.,.,.,.,.
015910117,.,.,.,.,.,.
015910118,.,.,.,.,.,.
015910119,.,.,.,.,.,.
015910120,.,.,.,.,.,.
015910121,.,.,.,.,.,.
015910122,.,.,.,.,.,.
015910123,.,.,.,.,.,.
015910124,.,.,.,.,.,.
015910125,.,.,.,.,.,.
015910126,.,.,.,.,.,.
015910127,.,.,.,.,.,.
015910128,.,.,.,.,.,.
015910129,.,.,.,.,.,.
015910130,.,.,.,.,.,.
015910131,.,.,.,.,.,.
015910132,.,.,.,.,.,.
015910133,.,.,.,.,.,.
015910134,.,.,.,.,.,.
015910135,.,.,.,.,.,.
015910136,.,.,.,.,.,.
015910137,.,.,.,.,.,.
015910138,.,.,.,.,.,.
015910139,.,.,.,.,.,.
015911001,60.3,62.5,86.6,919,19.3,66.7
015911004,.,.,.,.,.,.
015911005,44.4,28.6,88.9,.,.,.
015911041,.,.,.,.,.,.
015911042,.,.,.,.,.,.
015911043,.,.,.,.,.,.
015911101,.,.,.,.,.,.
015911102,.,.,.,.,.,.
015911103,.,.,.,.,.,.
015911104,.,.,.,.,.,.
015911105,.,.,.,.,.,.
015911106,.,.,.,.,.,.
015912001,51.8,55.2,80.6,850,18.2,50.2
015912003,.,.,.,.,.,.
015912041,.,.,.,.,.,.
015912042,.,.,.,.,.,.
015912044,.,.,.,.,.,.
015912101,.,.,.,.,.,.
015912102,.,.,.,.,.,.
015912103,.,.,.,.,.,.
015912104,.,.,.,.,.,.
015912105,.,.,.,.,.,.
015912106,.,.,.,.,.,.
015912107,.,.,.,.,.,.
015912108,.,.,.,.,.,.
015912109,.,.,.,.,.,.
015913001,78.3,84.4,88.9,1036,20.1,93.3
015913101,.,.,.,.,.,.
015914001,76.3,78.9,93.1,1011,20.6,.
015914101,.,.,.,.,.,.
015915001,63.7,68.4,82.4,888,18.3,34.4
015915002,57.5,63.3,78.1,865,18.9,52.9
015915003,78.6,82.3,90.8,967,20.5,69.5
015915004,.,.,.,.,.,.
015915005,78.1,81.4,92.3,1048,22.3,78.1
015915006,98.6,99.5,99,1105,23.4,93.7
015915007,70,72.3,88.7,967,20.5,57.8
015915008,.,.,.,.,.,.
015915011,.,.,.,.,.,40
015915013,.,.,.,.,.,.
015915015,.,.,.,962,.,22.6
015915016,84.3,87.2,94.5,1008,21.4,80
015915019,72.6,77.1,88.8,.,.,.
015915020,.,.,.,.,.,.
015915039,.,.,.,.,.,.
015915041,.,.,.,.,.,.
015915042,.,.,.,.,.,.
015915043,.,.,.,.,.,.
015915044,.,.,.,.,.,.
015915045,.,.,.,.,.,.
015915046,.,.,.,.,.,.
015915047,.,.,.,.,.,.
015915048,.,.,.,.,.,.
015915049,.,.,.,.,.,.
015915050,.,.,.,.,.,.
015915051,.,.,.,.,.,.
015915052,.,.,.,.,.,.
015915061,.,.,.,.,.,.
015915062,.,.,.,.,.,.
015915101,.,.,.,.,.,.
015915102,.,.,.,.,.,.
015915103,.,.,.,.,.,.
015915104,.,.,.,.,.,.
015915105,.,.,.,.,.,.
015915106,.,.,.,.,.,.
015915108,.,.,.,.,.,.
015915109,.,.,.,.,.,.
015915111,.,.,.,.,.,.
015915112,.,.,.,.,.,.
015915113,.,.,.,.,.,.
015915114,.,.,.,.,.,.
015915115,.,.,.,.,.,.
015915116,.,.,.,.,.,.
015915117,.,.,.,.,.,.
015915118,.,.,.,.,.,.
015915119,.,.,.,.,.,.
015915121,.,.,.,.,.,.
015915122,.,.,.,.,.,.
015915123,.,.,.,.,.,.
015915124,.,.,.,.,.,.
015915125,.,.,.,.,.,.
015915127,.,.,.,.,.,.
015915128,.,.,.,.,.,.
015915129,.,.,.,.,.,.
015915131,.,.,.,.,.,.
015915132,.,.,.,.,.,.
015915133,.,.,.,.,.,0
015915134,.,.,.,.,.,.
015915135,.,.,.,.,.,.
015915136,.,.,.,.,.,.
015915137,.,.,.,.,.,.
015915138,.,.,.,.,.,.
015915139,.,.,.,.,.,.
015915140,.,.,.,.,.,.
015915143,.,.,.,.,.,.
015915144,.,.,.,.,.,.
015915145,.,.,.,.,.,.
015915149,.,.,.,.,.,.
015915150,.,.,.,.,.,.
015915151,.,.,.,.,.,.
015915152,.,.,.,.,.,.
015915156,.,.,.,.,.,.
015915157,.,.,.,.,.,.
015915158,.,.,.,.,.,.
015915159,.,.,.,.,.,.
015915160,.,.,.,.,.,.
015915161,.,.,.,.,.,.
015915162,.,.,.,.,.,.
015915163,.,.,.,.,.,.
015915165,.,.,.,.,.,.
015915166,.,.,.,.,.,.
015915167,.,.,.,.,.,.
015915168,.,.,.,.,.,.
015915169,.,.,.,.,.,.
015915170,.,.,.,.,.,.
015915201,.,.,.,.,.,0
015915202,.,.,.,.,.,.
015915250,.,.,.,.,.,.
015916001,56.1,58.6,83.5,986,20.2,61.5
015916003,.,.,.,.,.,15.6
015916004,.,.,.,.,.,.
015916005,.,.,.,.,.,.
015916006,.,.,.,.,.,.
015916041,.,.,.,.,.,.
015916042,.,.,.,.,.,.
015916043,.,.,.,.,.,.
015916101,.,.,.,.,.,.
015916102,.,.,.,.,.,.
015916103,.,.,.,.,.,.
015916104,.,.,.,.,.,.
015916105,.,.,.,.,.,.
015916106,.,.,.,.,.,.
015916107,.,.,.,.,.,.
015916109,.,.,.,.,.,.
015916110,.,.,.,.,.,.
015916111,.,.,.,.,.,.
015916112,.,.,.,.,.,.
015916113,.,.,.,.,.,.
015916114,.,.,.,.,.,.
015917001,32.1,35.2,76.1,826,16.7,52.8
015917002,.,.,.,.,.,.
015917003,.,.,.,.,.,.
015917041,.,.,.,.,.,.
015917102,.,.,.,.,.,.
015917103,.,.,.,.,.,.
015917104,.,.,.,.,.,.
016901001,79.5,83.7,93,1038,19.6,73.8
016901041,.,.,.,.,.,.
016901101,.,.,.,.,.,.
016902001,79.5,79.1,95.8,979,20.2,76.1
016902041,.,.,.,.,.,.
016902101,.,.,.,.,.,.
017901001,78.6,76.9,100,.,18.8,88.9
018901001,61.6,65.5,86.6,927,19.8,68.5
018901041,.,.,.,.,.,.
018901101,.,.,.,.,.,.
018901103,.,.,.,.,.,.
018902001,71.1,73,97.4,953,19.3,100
018902101,.,.,.,.,.,.
018903001,.,.,.,.,.,12.5
018904001,80,81.3,93.9,1088,24.4,37.9
018904041,.,.,.,.,.,.
018904101,.,.,.,.,.,.
018905001,53.3,50,92.9,.,.,40
018906001,57.1,71.4,83.3,.,.,62.5
018907001,34.8,38.1,80,1044,.,81.8
018908001,44.4,44.4,100,.,.,50
019901001,72,76.1,92,976,19.5,93.5
019901041,.,.,.,.,.,.
019901102,.,.,.,.,.,.
019902002,76.9,77.8,93.2,.,19.4,71.7
019902041,.,.,.,.,.,.
019902102,.,.,.,.,.,.
019903001,61.5,66.7,69.2,.,20.2,.
019905001,76.4,84.5,86.3,994,21.8,84.9
019905041,.,.,.,.,.,.
019905101,.,.,.,.,.,.
019906001,83.7,86.7,95,.,20.7,85.7
019906041,.,.,.,.,.,.
019906101,.,.,.,.,.,.
019906102,.,.,.,.,.,.
019907002,60.3,62.5,88.9,1040,20.5,63.9
019907003,21.4,30.8,33.3,.,.,0
019907042,.,.,.,.,.,.
019907103,.,.,.,.,.,.
019907105,.,.,.,.,.,.
019907107,.,.,.,.,.,.
019907108,.,.,.,.,.,.
019907109,.,.,.,.,.,.
019907111,.,.,.,.,.,.
019907113,.,.,.,.,.,.
019907115,.,.,.,.,.,.
019908001,64.8,70.8,80,.,18.8,65.6
019908002,11.1,0,66.7,.,.,5.6
019908003,.,.,.,.,.,.
019908041,.,.,.,.,.,.
019908101,.,.,.,.,.,.
019908102,.,.,.,.,.,.
019908103,.,.,.,.,.,.
019909001,60.9,75,77.3,.,18.1,72.4
019909101,.,.,.,.,.,.
019909200,.,.,.,.,.,.
019910101,.,.,.,.,.,.
019911041,.,.,.,.,.,.
019911101,.,.,.,.,.,.
019912001,83.2,85.1,94.9,1081,22.2,85.5
019912041,.,.,.,.,.,.
019912102,.,.,.,.,.,.
019913101,.,.,.,.,.,.
019914101,.,.,.,.,.,.
020901001,62.9,68.5,79.1,1011,19.7,51.6
020901004,.,.,.,.,.,.
020901041,.,.,.,.,.,.
020901042,.,.,.,.,.,.
020901043,.,.,.,.,.,.
020901044,.,.,.,.,.,.
020901101,.,.,.,.,.,.
020901102,.,.,.,.,.,.
020901103,.,.,.,.,.,.
020901104,.,.,.,.,.,.
020901105,.,.,.,.,.,.
020901106,.,.,.,.,.,.
020901107,.,.,.,.,.,.
020901108,.,.,.,.,.,.
020901109,.,.,.,.,.,.
020901110,.,.,.,.,.,.
020901200,.,.,.,.,.,.
020902001,81.6,87.8,88.7,1009,20.7,50.4
020902002,.,.,.,.,.,.
020902003,.,.,.,.,.,.
020902004,.,.,.,.,.,.
020902005,.,.,.,.,.,0
020902043,.,.,.,.,.,.
020902044,.,.,.,.,.,.
020902101,.,.,.,.,.,.
020902102,.,.,.,.,.,.
020902103,.,.,.,.,.,.
020902104,.,.,.,.,.,.
020902108,.,.,.,.,.,.
020902109,.,.,.,.,.,.
020904001,75.5,78.8,88.5,927,.,52
020904041,.,.,.,.,.,.
020904101,.,.,.,.,.,.
020905001,67.1,69.7,84.2,932,20.6,50
020905002,81,83.6,91.9,1055,20.9,63.1
020905004,.,.,.,.,.,.
020905005,.,.,.,.,.,.
020905006,.,.,.,.,.,0
020905041,.,.,.,.,.,.
020905042,.,.,.,.,.,.
020905043,.,.,.,.,.,.
020905101,.,.,.,.,.,.
020905102,.,.,.,.,.,.
020905104,.,.,.,.,.,.
020905106,.,.,.,.,.,.
020905107,.,.,.,.,.,.
020905108,.,.,.,.,.,.
020905109,.,.,.,.,.,.
020905110,.,.,.,.,.,.
020905111,.,.,.,.,.,.
020905113,.,.,.,.,.,.
020905114,.,.,.,.,.,.
020905115,.,.,.,.,.,.
020905116,.,.,.,.,.,.
020906002,73.2,78.7,86.9,986,21,61
020906003,.,.,.,.,.,.
020906041,.,.,.,.,.,.
020906104,.,.,.,.,.,.
020907001,64.3,77,75.5,954,20,57.5
020907005,.,.,.,.,.,.
020907042,.,.,.,.,.,.
020907102,.,.,.,.,.,.
020907104,.,.,.,.,.,.
020907106,.,.,.,.,.,.
020907107,.,.,.,.,.,.
020908001,.,.,.,1035,20.7,66.8
020908002,.,.,.,.,.,.
020908004,.,.,.,.,.,.
020908041,.,.,.,.,.,.
020908042,.,.,.,.,.,.
020908043,.,.,.,.,.,.
020908101,.,.,.,.,.,.
020908102,.,.,.,.,.,.
020908103,.,.,.,.,.,.
020908104,.,.,.,.,.,.
020908105,.,.,.,.,.,.
020908106,.,.,.,.,.,.
020908107,.,.,.,.,.,.
020908108,.,.,.,.,.,.
020908109,.,.,.,.,.,.
020908110,.,.,.,.,.,.
020910101,.,.,.,.,.,.
021802001,36.4,28.6,55.6,.,.,0
021803001,28.6,16.7,.,.,.,.
021901001,86.4,88.9,93.2,1115,22.7,76.6
021901002,0,20,20,.,.,0
021901041,.,.,.,.,.,.
021901042,.,.,.,.,.,.
021901101,.,.,.,.,.,.
021901102,.,.,.,.,.,.
021901104,.,.,.,.,.,.
021901105,.,.,.,.,.,.
021901107,.,.,.,.,.,.
021901201,.,.,.,.,.,.
021901202,.,.,.,.,.,.
021902001,52.9,60.2,69.3,1016,19.5,52.2
021902011,50,50,.,.,.,0
021902012,.,.,.,.,.,.
021902014,.,.,.,.,.,.
021902015,.,.,.,.,.,.
021902041,.,.,.,.,.,.
021902045,.,.,.,.,.,.
021902046,.,.,.,.,.,.
021902101,.,.,.,.,.,.
021902103,.,.,.,.,.,.
021902105,.,.,.,.,.,.
021902106,.,.,.,.,.,.
021902107,.,.,.,.,.,.
021902108,.,.,.,.,.,.
021902109,.,.,.,.,.,.
021902110,.,.,.,.,.,.
021902112,.,.,.,.,.,.
021902113,.,.,.,.,.,.
021902114,.,.,.,.,.,.
021902115,.,.,.,.,.,.
021902116,.,.,.,.,.,.
021902117,.,.,.,.,.,.
021902118,.,.,.,.,.,.
021902119,.,.,.,.,.,.
022004001,85.7,83.3,100,902,.,85.7
022004101,.,.,.,.,.,.
022901001,67.1,71.2,90,1048,21.2,75.3
022901041,.,.,.,.,.,.
022901101,.,.,.,.,.,.
022902001,40,40,100,844,.,75
022903101,.,.,.,.,.,.
023902001,88.9,93.8,94.4,1048,20.1,100
024801101,.,.,.,.,.,.
024901001,54.6,57.1,78.4,861,18,56.8
024901041,.,.,.,.,.,.
024901101,.,.,.,.,.,.
024901103,.,.,.,.,.,.
025901001,58.3,62.5,85.2,1056,21.9,57.4
025901002,.,.,.,.,.,.
025901041,.,.,.,.,.,.
025901101,.,.,.,.,.,.
025901160,.,.,.,.,.,.
025902001,61.3,64.5,82.3,977,20.3,62.7
025902002,.,.,.,.,.,0
025902041,.,.,.,.,.,.
025902042,.,.,.,.,.,.
025902101,.,.,.,.,.,.
025902106,.,.,.,.,.,.
025902107,.,.,.,.,.,.
025902108,.,.,.,.,.,.
025902109,.,.,.,.,.,.
025904001,66.7,68.4,94.4,.,18.5,95.2
025904101,.,.,.,.,.,.
025904160,.,.,.,.,.,.
025904161,.,.,.,.,.,.
025904170,.,.,.,.,.,.
025905001,52.4,52.4,85.7,810,.,.
025905101,.,.,.,.,.,.
025906001,80,100,80,.,18.7,.
025906101,.,.,.,.,.,.
025908001,89.5,88.9,93.8,.,19.1,89.5
025908101,.,.,.,.,.,.
025909001,82.3,87.1,92.7,1021,22.5,86.2
025909041,.,.,.,.,.,.
025909101,.,.,.,.,.,.
025909102,.,.,.,.,.,.
026901001,76.1,77.2,94,972,18.3,51.5
026901041,.,.,.,.,.,.
026901042,.,.,.,.,.,.
026901101,.,.,.,.,.,.
026902001,45.6,50,75,870,18.2,37.3
026902005,.,.,.,.,.,.
026902041,.,.,.,.,.,.
026902101,.,.,.,.,.,.
026903002,42.4,48.5,71.9,911,.,54.2
026903003,.,.,.,.,.,.
026903101,.,.,.,.,.,.
027903001,69.1,75.3,86.1,998,20.2,69.8
027903003,.,.,.,.,.,.
027903041,.,.,.,.,.,.
027903101,.,.,.,.,.,.
027903102,.,.,.,.,.,.
027903104,.,.,.,.,.,.
027904001,61.7,66.1,87.8,1011,21,66.7
027904041,.,.,.,.,.,.
027904101,.,.,.,.,.,.
027904102,.,.,.,.,.,.
027904103,.,.,.,.,.,.
028902001,26.3,29.6,48.5,951,19.6,54.8
028902004,59.7,63.1,86.3,.,.,.
028902038,.,.,.,.,.,0
028902045,.,.,.,.,.,.
028902101,.,.,.,.,.,.
028902102,.,.,.,.,.,.
028902103,.,.,.,.,.,.
028902104,.,.,.,.,.,.
028903001,46.2,47.7,74.1,900,19.4,61.3
028903041,.,.,.,.,.,.
028903101,.,.,.,.,.,.
028903102,.,.,.,.,.,.
028903103,.,.,.,.,.,.
028906001,77.8,75,100,.,.,30
029901001,70.6,75.7,87.2,986,19.8,43.6
029901003,16.7,0,80,.,.,3.8
029901004,.,.,.,.,.,.
029901043,.,.,.,.,.,.
029901101,.,.,.,.,.,.
029901102,.,.,.,.,.,.
029901104,.,.,.,.,.,.
029901105,.,.,.,.,.,.
029901107,.,.,.,.,.,.
030901001,50,48.5,84.4,.,21,66.7
030901101,.,.,.,.,.,.
030902001,70.2,75,85.3,1101,21.1,78.5
030902041,.,.,.,.,.,.
030902101,.,.,.,.,.,.
030902102,.,.,.,.,.,.
030902103,.,.,.,.,.,.
030903001,61.9,61.9,95.2,.,19.4,84.2
030903101,.,.,.,.,.,.
030906001,82.1,85.3,94.9,1108,19.7,73.3
030906041,.,.,.,.,.,.
030906101,.,.,.,.,.,.
031801002,38.9,11.1,53.3,.,.,.
031801041,.,.,.,.,.,.
031801101,.,.,.,.,.,.
031802001,28.6,7.1,60,.,.,0
031901001,51.1,53.8,77.2,916,19,45
031901002,47.4,54,70.4,896,17.6,27.4
031901003,40.5,44.8,72,880,18.2,34.4
031901004,50.5,58.4,73.3,836,16.9,48.5
031901007,42.4,49.7,63.3,871,19.3,27
031901034,.,.,.,.,.,.
031901041,.,.,.,.,.,.
031901042,.,.,.,.,.,.
031901043,.,.,.,.,.,.
031901044,.,.,.,.,.,.
031901045,.,.,.,.,.,.
031901046,.,.,.,.,.,.
031901047,.,.,.,.,.,.
031901048,.,.,.,.,.,.
031901051,.,.,.,.,.,.
031901053,.,.,.,.,.,.
031901101,.,.,.,.,.,.
031901102,.,.,.,.,.,.
031901103,.,.,.,.,.,.
031901104,.,.,.,.,.,.
031901105,.,.,.,.,.,.
031901106,.,.,.,.,.,.
031901108,.,.,.,.,.,.
031901109,.,.,.,.,.,.
031901110,.,.,.,.,.,.
031901111,.,.,.,.,.,.
031901112,.,.,.,.,.,.
031901113,.,.,.,.,.,.
031901115,.,.,.,.,.,.
031901116,.,.,.,.,.,.
031901117,.,.,.,.,.,.
031901120,.,.,.,.,.,.
031901121,.,.,.,.,.,.
031901122,.,.,.,.,.,.
031901123,.,.,.,.,.,.
031901124,.,.,.,.,.,.
031901126,.,.,.,.,.,.
031901127,33.3,20,88.9,.,.,0
031901128,.,.,.,.,.,.
031901129,.,.,.,.,.,.
031901130,.,.,.,.,.,.
031901131,.,.,.,.,.,.
031901132,.,.,.,.,.,.
031901133,.,.,.,.,.,.
031901134,.,.,.,.,.,.
031901135,.,.,.,.,.,.
031901136,.,.,.,.,.,.
031901137,.,.,.,.,.,.
031901138,.,.,.,.,.,.
031903001,53.3,56.6,77.6,906,18.2,50.4
031903002,53.5,57.5,79,942,18.9,63.2
031903003,45.5,31.3,66.7,.,.,11.5
031903004,.,.,.,.,.,.
031903041,.,.,.,.,.,.
031903042,.,.,.,.,.,.
031903043,.,.,.,.,.,.
031903044,.,.,.,.,.,.
031903102,.,.,.,.,.,.
031903103,.,.,.,.,.,.
031903104,.,.,.,.,.,.
031903105,.,.,.,.,.,.
031903106,.,.,.,.,.,.
031903107,.,.,.,.,.,.
031903108,.,.,.,.,.,.
031903109,.,.,.,.,.,.
031903110,.,.,.,.,.,.
031903111,.,.,.,.,.,.
031903112,.,.,.,.,.,.
031903114,.,.,.,.,.,.
031903116,.,.,.,.,.,.
031903117,.,.,.,.,.,.
031903118,.,.,.,.,.,.
031903120,.,.,.,.,.,.
031905001,57.8,57.6,92.3,862,18.7,59.7
031905002,26.7,23.1,70,.,.,0
031905003,.,.,.,.,.,.
031905041,.,.,.,.,.,.
031905101,.,.,.,.,.,.
031905102,.,.,.,.,.,.
031905103,.,.,.,.,.,.
031905104,.,.,.,.,.,.
031906001,58.3,62.5,79.2,919,19.6,53
031906041,.,.,.,.,.,.
031906101,.,.,.,.,.,.
031906102,.,.,.,.,.,.
031906103,.,.,.,.,.,.
031906104,.,.,.,.,.,.
031906105,.,.,.,.,.,.
031906106,.,.,.,.,.,.
031906107,.,.,.,.,.,.
031909001,69.1,73.7,82,864,17.5,54.7
031909041,.,.,.,.,.,.
031909101,.,.,.,.,.,.
031909102,.,.,.,.,.,.
031911001,53.6,56.9,80.8,886,17.4,75.3
031911041,.,.,.,.,.,.
031911102,.,.,.,.,.,.
031911103,.,.,.,.,.,.
031912001,27.5,33.3,52.5,841,16.4,35.5
031912003,.,.,.,.,.,.
031912004,.,.,.,.,.,.
031912005,.,.,.,.,.,.
031912007,62.3,65.1,85.5,.,.,.
031912041,.,.,.,.,.,.
031912042,.,.,.,.,.,.
031912101,.,.,.,.,.,.
031912103,.,.,.,.,.,.
031912104,.,.,.,.,.,.
031912106,.,.,.,.,.,.
031912108,.,.,.,.,.,.
031912109,.,.,.,.,.,.
031912110,.,.,.,.,.,.
031912112,.,.,.,.,.,.
031912114,.,.,.,.,.,.
031912115,.,.,.,.,.,.
031912201,.,.,.,.,.,.
031913001,48.1,50.9,82.6,747,.,57.7
031913002,.,.,.,.,.,.
031913005,.,.,.,.,.,.
031913041,.,.,.,.,.,.
031913101,.,.,.,.,.,.
031914001,42.6,42.4,81.5,738,15.1,44.8
031914041,.,.,.,.,.,.
031914101,.,.,.,.,.,.
031916001,70.3,74.2,91,978,20.3,91.4
031916003,.,.,.,.,.,.
031916004,85.9,86.3,97,1016,20.8,91.6
031916005,91.5,93,98.3,1148,24.6,.
032902002,62.3,64.5,87.3,981,19.1,44.2
032902041,.,.,.,.,.,.
032902103,.,.,.,.,.,.
032902104,.,.,.,.,.,.
032902105,.,.,.,.,.,.
033901001,75,100,75,.,22.5,91.7
033902001,70,86,80.4,.,21.5,70.7
033902002,.,.,.,.,.,.
033902041,.,.,.,.,.,.
033902101,.,.,.,.,.,.
033904001,80.8,84,88.5,.,18.6,72.4
033904102,.,.,.,.,.,.
034901001,60.2,66.7,86,.,19.8,77.9
034901042,.,.,.,.,.,.
034901106,.,.,.,.,.,.
034901107,.,.,.,.,.,.
034902001,57.1,64.3,78.6,.,18.1,87.5
034902101,.,.,.,.,.,.
034903001,73.8,73.4,93.7,.,19,67.4
034903041,.,.,.,.,.,.
034903101,.,.,.,.,.,.
034905002,92.2,93.9,98,1059,20.3,80.4
034905041,.,.,.,.,.,.
034905102,.,.,.,.,.,.
034906001,87.5,91.7,95.8,.,21.3,60
034906041,.,.,.,.,.,.
034906101,.,.,.,.,.,.
034907001,80,84.1,92.4,.,17.7,83.9
034907041,.,.,.,.,.,.
034907101,.,.,.,.,.,.
034908102,.,.,.,.,.,.
034909001,35.7,35.7,71.4,.,21.8,83.3
034909101,.,.,.,.,.,.
035901001,40.9,47.1,73.6,.,19.6,62
035901041,.,.,.,.,.,.
035901102,.,.,.,.,.,.
035902001,40.9,45.5,52.4,.,17.8,34.8
035902101,.,.,.,.,.,.
035903001,100,100,100,.,25.6,76.2
036901001,68.7,75,82.5,892,16.8,71.7
036901002,.,.,.,.,.,.
036901003,.,.,.,.,.,.
036901041,.,.,.,.,.,.
036901101,.,.,.,.,.,.
036902001,80,81.4,92.6,1023,23.7,63.2
036902002,.,.,.,.,.,.
036902003,.,.,.,.,.,.
036902004,.,.,.,.,.,.
036902041,.,.,.,.,.,.
036902101,.,.,.,.,.,.
036902102,.,.,.,.,.,.
036902301,.,.,.,.,.,.
036903001,81.8,84.5,93.4,907,18,61.4
036903003,.,.,.,.,.,.
036903041,.,.,.,.,.,.
036903101,.,.,.,.,.,.
036903102,.,.,.,.,.,.
037901001,42.6,42.2,80,889,19.3,.
037901041,.,.,.,.,.,.
037901101,.,.,.,.,.,.
037904002,57.8,60.4,81.7,999,19.1,58.4
037904004,.,.,.,.,.,0
037904042,.,.,.,.,.,.
037904043,.,.,.,.,.,.
037904102,.,.,.,.,.,.
037904103,.,.,.,.,.,.
037904104,.,.,.,.,.,.
037904105,.,.,.,.,.,.
037907002,56.3,60.3,76.1,1027,19.9,44
037907041,.,.,.,.,.,.
037907102,.,.,.,.,.,.
037907103,.,.,.,.,.,.
037908001,33.3,35,76.2,.,.,35
037909001,76.9,76,92.3,977,20,55
037909101,.,.,.,.,.,.
038901001,61.3,64.1,83.1,849,20.3,82.6
038901041,.,.,.,.,.,.
038901102,.,.,.,.,.,.
039901001,42.9,42.9,71.4,.,20.5,72.7
039902001,60.3,64.2,85.1,957,20.9,69
039902041,.,.,.,.,.,.
039902101,.,.,.,.,.,.
039903001,62.5,62.5,100,.,21.2,48.6
039903101,.,.,.,.,.,.
039904001,91.7,91.7,100,950,20.8,100
039905001,100,100,100,1052,21.4,73.3
040901001,31.6,36.8,64.9,.,18.2,62.5
040901002,.,.,.,.,.,0
040901041,.,.,.,.,.,.
040901102,.,.,.,.,.,.
040902001,75,75,100,968,18.9,68
040902002,20,20,.,.,.,.
040902101,.,.,.,.,.,.
041901001,84.2,83.3,89.5,1052,21.8,57.6
041901002,41.7,.,60,.,.,.
041901003,.,.,.,.,.,.
041901101,.,.,.,.,.,.
041902001,81.8,85.7,90.9,.,19.1,82.6
041902002,.,.,.,.,.,.
041902101,.,.,.,.,.,.
041902200,.,.,.,.,.,.
042901001,72.9,76.8,87.3,1094,19.2,68.8
042901002,12.5,28.6,50,.,.,0
042901041,.,.,.,.,.,.
042901102,.,.,.,.,.,.
042903001,53.3,57.1,92.3,.,19,46.7
042903002,.,.,.,.,.,.
042903101,.,.,.,.,.,.
042903160,.,.,.,.,.,.
042903170,.,.,.,.,.,.
042905001,85.7,83.3,100,.,20,83.3
042905002,.,.,.,.,.,.
042905101,.,.,.,.,.,.
042906001,62.5,40,100,.,.,.
042906002,.,.,.,.,.,.
043901001,66.7,.,66.7,1059,21.8,79.2
043901002,86.7,88.4,95.5,.,.,.
043901042,.,.,.,.,.,.
043901043,.,.,.,.,.,.
043901101,.,.,.,.,.,.
043901102,.,.,.,.,.,.
043901104,.,.,.,.,.,.
043901105,.,.,.,.,.,.
043901106,.,.,.,.,.,.
043901107,.,.,.,.,.,.
043901108,.,.,.,.,.,.
043901109,.,.,.,.,.,.
043901110,.,.,.,.,.,.
043901111,.,.,.,.,.,.
043902001,73.6,76.1,90.7,1015,21.6,25.4
043902041,.,.,.,.,.,.
043902101,.,.,.,.,.,.
043903001,59.4,65,82.5,971,21.2,80
043903002,.,.,.,.,.,.
043903041,.,.,.,.,.,.
043903042,.,.,.,.,.,.
043903101,.,.,.,.,.,.
043904001,65.3,69.6,86,1013,20.3,62.5
043904041,.,.,.,.,.,.
043904101,.,.,.,.,.,.
043904102,.,.,.,.,.,.
043905001,82.4,83.2,93.9,1030,22.1,69
043905041,.,.,.,.,.,.
043905043,.,.,.,.,.,.
043905044,.,.,.,.,.,.
043905045,.,.,.,.,.,.
043905101,.,.,.,.,.,.
043905102,.,.,.,.,.,.
043905103,.,.,.,.,.,.
043905104,.,.,.,.,.,.
043905105,.,.,.,.,.,.
043905106,.,.,.,.,.,.
043905107,.,.,.,.,.,.
043905108,.,.,.,.,.,.
043905109,.,.,.,.,.,.
043905110,.,.,.,.,.,.
043905111,.,.,.,.,.,.
043905112,.,.,.,.,.,.
043905113,.,.,.,.,.,.
043907002,73.9,77.5,86.1,1053,21.9,69.8
043907003,.,.,.,.,.,6.1
043907004,77.8,80,90.7,.,.,.
043907005,.,.,.,.,.,.
043907006,60,60,100,.,.,.
043907041,.,.,.,.,.,.
043907043,.,.,.,.,.,.
043907044,.,.,.,.,.,.
043907102,.,.,.,.,.,.
043907104,.,.,.,.,.,.
043907105,.,.,.,.,.,.
043907107,.,.,.,.,.,.
043907108,.,.,.,.,.,.
043907109,.,.,.,.,.,.
043907110,91.7,100,91.7,1072,.,83.3
043907111,.,.,.,.,.,.
043907112,.,.,.,.,.,.
043907113,.,.,.,.,.,.
043907115,.,.,.,.,.,.
043907116,.,.,.,.,.,.
043907117,.,.,.,.,.,.
043907118,.,.,.,.,.,.
043907119,.,.,.,.,.,.
043907120,.,.,.,.,.,.
043907197,.,.,.,.,.,.
043908101,.,.,.,.,.,.
043908102,.,.,.,.,.,.
043910001,.,.,.,1120,23.7,92.8
043910003,75.9,80.2,88.6,.,.,.
043910004,89.2,90.8,94.4,.,.,.
043910005,90.1,92.7,94.6,.,.,.
043910006,.,.,.,1115,24.1,77.2
043910007,92.9,93.4,98.4,.,.,.
043910009,96.7,98,98.3,.,.,.
043910010,.,.,.,1146,24.3,96.1
043910025,.,.,.,.,.,.
043910042,.,.,.,.,.,.
043910043,.,.,.,.,.,.
043910044,.,.,.,.,.,.
043910045,.,.,.,.,.,.
043910046,.,.,.,.,.,.
043910047,.,.,.,.,.,.
043910048,.,.,.,.,.,.
043910049,.,.,.,.,.,.
043910050,.,.,.,.,.,.
043910052,.,.,.,.,.,.
043910053,.,.,.,.,.,.
043910101,.,.,.,.,.,.
043910102,.,.,.,.,.,.
043910103,.,.,.,.,.,.
043910104,.,.,.,.,.,.
043910105,.,.,.,.,.,.
043910106,.,.,.,.,.,.
043910108,.,.,.,.,.,.
043910109,.,.,.,.,.,.
043910111,.,.,.,.,.,.
043910112,.,.,.,.,.,.
043910113,.,.,.,.,.,.
043910114,.,.,.,.,.,.
043910115,.,.,.,.,.,.
043910116,.,.,.,.,.,.
043910117,.,.,.,.,.,.
043910118,.,.,.,.,.,.
043910119,.,.,.,.,.,.
043910120,.,.,.,.,.,.
043910121,.,.,.,.,.,.
043910122,.,.,.,.,.,.
043910123,.,.,.,.,.,.
043910124,.,.,.,.,.,.
043910125,.,.,.,.,.,.
043910126,.,.,.,.,.,.
043910127,.,.,.,.,.,.
043910128,.,.,.,.,.,.
043910129,.,.,.,.,.,.
043910130,.,.,.,.,.,.
043910131,.,.,.,.,.,.
043910132,.,.,.,.,.,.
043910133,.,.,.,.,.,.
043910134,.,.,.,.,.,.
043910136,.,.,.,.,.,.
043910138,.,.,.,.,.,.
043910139,.,.,.,.,.,.
043910140,.,.,.,.,.,.
043910141,.,.,.,.,.,.
043910142,.,.,.,.,.,.
043910143,.,.,.,.,.,.
043910144,.,.,.,.,.,.
043910160,.,.,.,.,.,.
043910161,.,.,.,.,.,.
043910162,.,.,.,.,.,.
043910212,.,.,.,.,.,.
043911001,54.2,56.9,81.6,1017,21.6,46.7
043911041,.,.,.,.,.,.
043911101,.,.,.,.,.,.
043911102,.,.,.,.,.,.
043912001,95,94.8,100,1094,20.5,78.9
043912041,.,.,.,.,.,.
043912101,.,.,.,.,.,.
043914001,75.1,76.3,92,979,20.6,73.1
043914041,.,.,.,.,.,.
043914042,.,.,.,.,.,.
043914101,.,.,.,.,.,.
043914102,.,.,.,.,.,.
043914103,.,.,.,.,.,.
043914104,.,.,.,.,.,.
043914105,.,.,.,.,.,.
043917001,63.6,66.7,75,903,20.3,54.5
043917041,.,.,.,.,.,.
043917101,.,.,.,.,.,.
043918001,50,52.2,80.7,998,20.8,33.9
043918002,.,.,.,.,.,.
043918041,.,.,.,.,.,.
043918042,.,.,.,.,.,.
043918101,.,.,.,.,.,.
043919101,.,.,.,.,.,.
043919102,.,.,.,.,.,.
044902001,80.6,90,85.2,.,18.9,82.1
044902041,.,.,.,.,.,.
044902101,.,.,.,.,.,.
044904001,83.3,83.3,91.7,.,18.2,.
045902001,63.3,63.6,85.5,965,20,68.8
045902041,.,.,.,.,.,.
045902101,.,.,.,.,.,.
045903001,62.2,62.5,85.7,911,18.6,63.2
045903041,.,.,.,.,.,.
045903101,.,.,.,.,.,.
045903102,.,.,.,.,.,.
045903103,.,.,.,.,.,.
045903601,42.9,.,71.4,.,.,.
045905002,73.2,83.3,80.4,926,20.5,74.3
045905041,.,.,.,.,.,.
045905102,.,.,.,.,.,.
046801001,33.3,25,50,.,.,.
046901001,65,67.7,87.7,1020,20.4,72.7
046901037,.,.,.,.,.,.
046901038,30,22.2,78.6,.,.,0
046901041,.,.,.,.,.,.
046901042,.,.,.,.,.,.
046901102,.,.,.,.,.,.
046901103,.,.,.,.,.,.
046901104,.,.,.,.,.,.
046901105,.,.,.,.,.,.
046901106,.,.,.,.,.,.
046901107,.,.,.,.,.,.
046901108,.,.,.,.,.,.
046902001,66.2,67.7,86.4,1038,20.9,68.9
046902002,72.9,76.7,87,1007,21.2,78.2
046902041,.,.,.,.,.,.
046902042,.,.,.,.,.,.
046902044,.,.,.,.,.,.
046902101,.,.,.,.,.,.
046902102,.,.,.,.,.,.
046902103,.,.,.,.,.,.
046902104,.,.,.,.,.,.
046902105,.,.,.,.,.,.
046902106,.,.,.,.,.,.
046902107,.,.,.,.,.,.
046902108,.,.,.,.,.,.
046902109,.,.,.,.,.,.
046902110,.,.,.,.,.,.
046902111,.,.,.,.,.,.
046902112,.,.,.,.,.,.
046902113,.,.,.,.,.,.
046902201,.,.,.,.,.,19.2
047901001,48.6,51.9,75.5,964,20.8,65
047901041,.,.,.,.,.,.
047901101,.,.,.,.,.,.
047901102,.,.,.,.,.,.
047902001,43.6,43.6,79.5,876,18,73
047902041,.,.,.,.,.,.
047902101,.,.,.,.,.,.
047903001,65,65,90,886,18.6,53.8
047905001,.,.,.,951,.,.
048901001,58.6,65.4,79.3,.,18.7,100
048901003,.,.,.,.,.,.
048901101,.,.,.,.,.,.
048901102,.,.,.,.,.,.
048901180,.,.,.,.,.,.
048903001,60,60,100,.,19.7,46.2
048903190,.,.,.,.,.,.
048903191,.,.,.,.,.,.
049901001,50.2,56.4,73.5,1002,19.7,47.6
049901002,.,.,.,.,.,.
049901041,.,.,.,.,.,.
049901101,.,.,.,.,.,.
049901104,.,.,.,.,.,.
049901107,.,.,.,.,.,.
049901108,.,.,.,.,.,.
049902001,92.1,92.1,100,1048,23.3,82.1
049902101,.,.,.,.,.,.
049903001,72.9,72.3,100,1020,23,60
049903101,.,.,.,.,.,.
049905001,70.8,71,90.9,1002,20.5,50.9
049905041,.,.,.,.,.,.
049905101,.,.,.,.,.,.
049905102,.,.,.,.,.,.
049906001,80,79.2,92,1043,23.3,63
049907001,81.4,83.7,97.7,1093,21.4,81.6
049907101,.,.,.,.,.,.
049908101,.,.,.,.,.,.
049909101,.,.,.,.,.,.
050901001,71.4,71.4,100,.,20.9,77.3
050901101,.,.,.,.,.,.
050902001,65.1,65.7,90.9,990,21.6,45.8
050902041,.,.,.,.,.,.
050902101,.,.,.,.,.,.
050902102,.,.,.,.,.,.
050902103,.,.,.,.,.,.
050904001,41.7,36.4,100,.,.,33.3
050909001,36.4,36.4,88.9,.,.,.
050910001,60.5,64.3,82.9,961,20.2,55.6
050910005,.,.,.,.,.,12.5
050910041,.,.,.,.,.,.
050910042,.,.,.,.,.,.
050910101,.,.,.,.,.,.
050910102,.,.,.,.,.,.
050910103,.,.,.,.,.,.
050910104,.,.,.,.,.,.
050910105,.,.,.,.,.,.
050910106,.,.,.,.,.,.
050910107,.,.,.,.,.,.
050910108,.,.,.,.,.,.
050910109,.,.,.,.,.,.
051901001,36.4,36.4,70,.,19.8,66.7
052901001,51.5,50,81,1044,20.3,67.2
052901041,.,.,.,.,.,.
052901101,.,.,.,.,.,.
053001001,72.7,80.3,87.5,909,18.6,71.4
053001041,.,.,.,.,.,.
053001101,.,.,.,.,.,.
053001102,.,.,.,.,.,.
054901001,51.9,52,88,.,17.9,75
054901041,.,.,.,.,.,.
054901101,.,.,.,.,.,.
054901200,.,.,.,.,.,.
054901300,.,.,.,.,.,0
054901400,.,.,.,.,.,.
054902001,71.4,73.7,95,.,20.4,60
054902102,.,.,.,.,.,.
054903001,59.5,60,92.5,950,19.8,51.5
054903002,.,.,.,.,.,0
054903041,.,.,.,.,.,.
054903102,.,.,.,.,.,.
055901001,51.1,53.7,83.7,900,18.8,60.9
055901041,.,.,.,.,.,.
055901102,.,.,.,.,.,.
056901001,76.3,78.4,93.4,.,19.2,75
056901002,.,.,.,.,.,.
056901042,.,.,.,.,.,.
056901104,.,.,.,.,.,.
056901105,.,.,.,.,.,.
056902001,100,100,100,.,23.2,85.7
057802001,65.7,68.6,84.8,.,.,.
057803041,86.4,87.5,98.7,.,22.4,30
057804001,37.5,.,57.1,752,.,7.6
057804002,18.8,10,50,.,.,0
057805101,.,.,.,.,.,.
057806101,.,.,.,.,.,.
057807001,66.7,72.9,91.3,.,.,.
057808101,59.3,61.5,88,.,.,.
057808102,100,100,100,.,.,.
057810101,.,.,.,.,.,.
057811101,.,.,.,.,.,.
057813101,.,.,.,.,.,.
057814001,34.9,18.2,76.5,.,.,.
057815001,20.8,24,51,.,.,0
057816101,.,.,.,.,.,.
057817101,.,.,.,.,.,.
057818001,8.3,25,50,.,.,0
057819001,.,.,.,.,.,.
057820001,42.6,41.2,88.5,.,.,12.5
057821101,.,.,.,.,.,.
057823001,0,0,70,.,.,.
057825001,40,40,100,.,.,.
057825004,26.3,18.8,57.1,.,.,0
057825005,37.1,7.7,56.9,.,.,0
057825006,37.5,30,58.8,1122,.,58.3
057825007,.,.,.,.,.,0
057825008,36.4,22.2,90,1025,.,.
057825009,.,.,.,.,.,.
057825010,52.9,46.2,84.6,.,.,0
057825012,50,53.3,56.3,.,.,0
057825104,.,.,.,.,.,.
057827101,.,.,.,.,.,.
057828001,44.5,26,69.8,.,.,0
057828002,43.2,41.2,61.3,.,.,0
057828003,46.4,41.5,74.2,.,.,0
057828004,64.6,55.2,84.8,.,.,.
057829001,.,.,.,.,.,.
057830001,.,.,.,.,.,.
057830002,35.7,30.8,85.7,.,.,.
057831001,.,.,.,.,.,.
057832001,.,.,.,.,.,.
057833001,0,0,.,.,.,.
057834001,20,16.7,55,.,.,.
057835001,.,.,.,.,.,.
057903001,59.4,62.3,80.1,1036,20.1,58.9
057903002,68,70.7,88.1,1068,21.4,67
057903003,30.8,20,78.9,.,.,12.2
057903005,.,.,.,.,.,.
057903006,83.4,85.8,94.5,1059,21.1,76.8
057903007,80.5,81.7,95.2,.,.,.
057903009,.,.,.,.,.,.
057903041,.,.,.,.,.,.
057903042,.,.,.,.,.,.
057903044,.,.,.,.,.,.
057903045,.,.,.,.,.,.
057903046,.,.,.,.,.,.
057903047,.,.,.,.,.,.
057903102,.,.,.,.,.,.
057903103,.,.,.,.,.,.
057903105,.,.,.,.,.,.
057903106,.,.,.,.,.,.
057903107,.,.,.,.,.,.
057903108,.,.,.,.,.,.
057903109,.,.,.,.,.,.
057903110,.,.,.,.,.,.
057903111,.,.,.,.,.,.
057903112,.,.,.,.,.,.
057903113,.,.,.,.,.,.
057903114,.,.,.,.,.,.
057903116,.,.,.,.,.,.
057903118,.,.,.,.,.,.
057903119,.,.,.,.,.,.
057903120,.,.,.,.,.,.
057903121,.,.,.,.,.,.
057903122,.,.,.,.,.,.
057903123,.,.,.,.,.,.
057903124,.,.,.,.,.,.
057903125,.,.,.,.,.,.
057903126,.,.,.,.,.,.
057903129,.,.,.,.,.,.
057903130,.,.,.,.,.,.
057903131,.,.,.,.,.,.
057904001,55.7,56.9,85,957,20.2,73.1
057904007,.,.,.,.,.,.
057904041,.,.,.,.,.,.
057904101,.,.,.,.,.,.
057904102,.,.,.,.,.,.
057904103,.,.,.,.,.,.
057904104,.,.,.,.,.,.
057904105,.,.,.,.,.,.
057904106,.,.,.,.,.,.
057904107,.,.,.,.,.,.
057904108,.,.,.,.,.,.
057904109,.,.,.,.,.,.
057905001,43.8,47.8,70.3,937,20.4,42.9
057905002,33,39,63.5,755,16.1,34.9
057905003,37.4,39.7,72.2,707,13.5,47
057905005,33.1,38.3,61.5,786,15.6,24.3
057905006,40,41.8,64.6,1004,20.4,50.9
057905007,34.9,38.4,64.9,804,16.4,36.2
057905008,37,38,71.1,757,15.7,47.2
057905009,41.5,47.7,69.6,742,14.7,90.9
057905011,.,.,.,.,.,.
057905012,32.8,39.7,61.9,758,14.9,41.3
057905013,25.2,24,56.9,707,14.2,54.6
057905014,21.3,22.1,49.9,762,16.6,26.4
057905015,33.7,37.3,64.5,875,17.5,42.2
057905016,29.3,32,56.9,732,15.6,46.7
057905017,26.7,30,52.6,735,15.3,30
057905018,39.1,44.6,60.7,796,16.3,31.8
057905021,49.8,58,67.1,923,20.6,50.9
057905022,41,45.5,64.8,1027,21.5,32.8
057905023,43.1,44.3,74.8,759,15.6,51.4
057905024,35.2,48.3,51.5,724,17.3,68.4
057905025,58.5,61.9,80.9,870,17.5,45.5
057905026,98.8,98.8,100,1137,22.9,91
057905029,.,.,.,.,.,.
057905030,.,.,.,.,.,.
057905031,.,.,.,.,.,.
057905032,23.8,30.1,43.2,735,15.2,48.3
057905033,88.2,90.3,96.7,872,18,63
057905034,86.9,88.1,97.1,1005,20.6,74.8
057905036,94.4,95.2,99.2,929,18.5,72.3
057905037,89.6,89.6,100,840,16.8,91.1
057905038,86.1,89.9,95,886,18.1,68.4
057905039,100,100,100,1222,23.5,100
057905042,.,.,.,.,.,.
057905043,.,.,.,.,.,.
057905044,.,.,.,.,.,.
057905045,.,.,.,.,.,.
057905046,.,.,.,.,.,.
057905047,.,.,.,.,.,.
057905048,.,.,.,.,.,.
057905049,.,.,.,.,.,.
057905050,.,.,.,.,.,.
057905051,.,.,.,.,.,.
057905052,.,.,.,.,.,.
057905053,.,.,.,.,.,.
057905054,.,.,.,.,.,.
057905055,.,.,.,.,.,.
057905057,.,.,.,.,.,.
057905058,.,.,.,.,.,.
057905059,.,.,.,.,.,.
057905060,.,.,.,.,.,.
057905063,.,.,.,.,.,.
057905065,.,.,.,.,.,.
057905066,.,.,.,.,.,.
057905067,.,.,.,.,.,.
057905068,.,.,.,.,.,.
057905069,.,.,.,.,.,.
057905071,.,.,.,.,.,.
057905072,.,.,.,.,.,.
057905073,.,.,.,.,.,.
057905074,.,.,.,.,.,.
057905075,.,.,.,.,.,.
057905090,55.2,58.6,80.8,816,16.3,38.5
057905099,.,.,.,.,.,.
057905101,.,.,.,.,.,.
057905103,.,.,.,.,.,.
057905104,.,.,.,.,.,.
057905105,.,.,.,.,.,.
057905106,.,.,.,.,.,.
057905108,.,.,.,.,.,.
057905109,.,.,.,.,.,.
057905110,.,.,.,.,.,.
057905111,.,.,.,.,.,.
057905112,.,.,.,.,.,.
057905113,.,.,.,.,.,.
057905114,.,.,.,.,.,.
057905115,.,.,.,.,.,.
057905116,.,.,.,.,.,.
057905117,.,.,.,.,.,.
057905118,.,.,.,.,.,.
057905119,.,.,.,.,.,.
057905120,.,.,.,.,.,.
057905121,.,.,.,.,.,.
057905122,.,.,.,.,.,.
057905124,.,.,.,.,.,.
057905125,.,.,.,.,.,.
057905126,.,.,.,.,.,.
057905127,.,.,.,.,.,.
057905128,.,.,.,.,.,.
057905129,.,.,.,.,.,.
057905130,.,.,.,.,.,.
057905131,.,.,.,.,.,.
057905132,.,.,.,.,.,.
057905133,.,.,.,.,.,.
057905134,.,.,.,.,.,.
057905135,.,.,.,.,.,.
057905136,.,.,.,.,.,.
057905137,.,.,.,.,.,.
057905139,.,.,.,.,.,.
057905140,.,.,.,.,.,.
057905141,.,.,.,.,.,.
057905142,.,.,.,.,.,.
057905143,.,.,.,.,.,.
057905144,.,.,.,.,.,.
057905145,.,.,.,.,.,.
057905146,.,.,.,.,.,.
057905147,.,.,.,.,.,.
057905148,.,.,.,.,.,.
057905149,.,.,.,.,.,.
057905150,.,.,.,.,.,.
057905151,.,.,.,.,.,.
057905152,.,.,.,.,.,.
057905153,.,.,.,.,.,.
057905156,.,.,.,.,.,.
057905157,.,.,.,.,.,.
057905158,.,.,.,.,.,.
057905159,.,.,.,.,.,.
057905160,.,.,.,.,.,.
057905161,.,.,.,.,.,.
057905162,.,.,.,.,.,.
057905163,.,.,.,.,.,.
057905164,.,.,.,.,.,.
057905166,.,.,.,.,.,.
057905167,.,.,.,.,.,.
057905168,.,.,.,.,.,.
057905169,.,.,.,.,.,.
057905170,.,.,.,.,.,.
057905171,.,.,.,.,.,.
057905173,.,.,.,.,.,.
057905174,.,.,.,.,.,.
057905175,.,.,.,.,.,.
057905177,.,.,.,.,.,.
057905178,.,.,.,.,.,.
057905180,.,.,.,.,.,.
057905181,.,.,.,.,.,.
057905182,.,.,.,.,.,.
057905183,.,.,.,.,.,.
057905184,.,.,.,.,.,.
057905185,.,.,.,.,.,.
057905186,.,.,.,.,.,.
057905187,.,.,.,.,.,.
057905188,.,.,.,.,.,.
057905189,.,.,.,.,.,.
057905190,.,.,.,.,.,.
057905191,.,.,.,.,.,.
057905192,.,.,.,.,.,.
057905193,.,.,.,.,.,.
057905194,.,.,.,.,.,.
057905195,.,.,.,.,.,.
057905196,.,.,.,.,.,.
057905197,.,.,.,.,.,.
057905198,.,.,.,.,.,.
057905199,.,.,.,.,.,.
057905200,.,.,.,.,.,.
057905201,.,.,.,.,.,.
057905202,.,.,.,.,.,.
057905203,.,.,.,.,.,.
057905204,.,.,.,.,.,.
057905205,.,.,.,.,.,.
057905206,.,.,.,.,.,.
057905207,.,.,.,.,.,.
057905208,.,.,.,.,.,.
057905209,.,.,.,.,.,.
057905210,.,.,.,.,.,.
057905211,.,.,.,.,.,.
057905212,.,.,.,.,.,.
057905213,.,.,.,.,.,.
057905214,.,.,.,.,.,.
057905215,.,.,.,.,.,.
057905216,.,.,.,.,.,.
057905217,.,.,.,.,.,.
057905218,.,.,.,.,.,.
057905219,.,.,.,.,.,.
057905220,.,.,.,.,.,.
057905221,.,.,.,.,.,.
057905222,.,.,.,.,.,.
057905223,.,.,.,.,.,.
057905224,.,.,.,.,.,.
057905225,.,.,.,.,.,.
057905226,.,.,.,.,.,.
057905227,.,.,.,.,.,.
057905228,.,.,.,.,.,.
057905229,.,.,.,.,.,.
057905230,.,.,.,.,.,.
057905232,.,.,.,.,.,.
057905233,.,.,.,.,.,.
057905235,.,.,.,.,.,.
057905236,.,.,.,.,.,.
057905237,.,.,.,.,.,.
057905241,.,.,.,.,.,.
057905242,.,.,.,.,.,.
057905246,.,.,.,.,.,.
057905248,.,.,.,.,.,.
057905249,.,.,.,.,.,.
057905250,.,.,.,.,.,.
057905251,.,.,.,.,.,.
057905253,.,.,.,.,.,.
057905255,.,.,.,.,.,.
057905256,.,.,.,.,.,.
057905258,.,.,.,.,.,.
057905259,.,.,.,.,.,.
057905260,.,.,.,.,.,.
057905262,.,.,.,.,.,.
057905263,.,.,.,.,.,.
057905264,.,.,.,.,.,.
057905265,.,.,.,.,.,.
057905266,.,.,.,.,.,.
057905267,.,.,.,.,.,.
057905268,.,.,.,.,.,.
057905269,.,.,.,.,.,.
057905270,.,.,.,.,.,.
057905271,.,.,.,.,.,.
057905272,.,.,.,.,.,.
057905273,.,.,.,.,.,.
057905274,.,.,.,.,.,.
057905275,.,.,.,.,.,.
057905276,.,.,.,.,.,.
057905277,.,.,.,.,.,.
057905280,.,.,.,.,.,.
057905281,.,.,.,.,.,.
057905283,.,.,.,.,.,.
057906001,33.3,31,54.5,1011,19.4,74.3
057906002,65.1,67.1,91,.,.,.
057906007,.,.,.,.,.,.
057906041,.,.,.,.,.,.
057906042,.,.,.,.,.,.
057906102,.,.,.,.,.,.
057906103,.,.,.,.,.,.
057906104,.,.,.,.,.,.
057906105,.,.,.,.,.,.
057906106,.,.,.,.,.,.
057906107,.,.,.,.,.,.
057906108,.,.,.,.,.,.
057907001,48.5,31.7,74.2,970,19.6,69.3
057907003,61.7,65.3,86.2,.,.,.
057907004,26.1,27.3,77.3,.,.,0
057907007,.,.,.,.,.,.
057907041,.,.,.,.,.,.
057907042,.,.,.,.,.,.
057907101,.,.,.,.,.,.
057907102,.,.,.,.,.,.
057907103,.,.,.,.,.,.
057907104,.,.,.,.,.,.
057907105,.,.,.,.,.,.
057907106,.,.,.,.,.,.
057907107,.,.,.,.,.,.
057907108,.,.,.,.,.,.
057907109,.,.,.,.,.,.
057907110,.,.,.,.,.,.
057909002,61.8,70,75.9,1114,23.1,62.7
057909003,60.2,64,81.9,971,19.4,63.4
057909004,68.2,72.4,83.7,937,19.9,53.7
057909005,56.2,62.1,78.7,907,17.9,49.5
057909006,10.5,30.8,28.6,.,.,3.6
057909007,.,.,.,.,.,.
057909008,74.5,80.4,87,1002,21.4,57.8
057909009,79.4,82,92.5,985,20.5,63.5
057909010,77.7,83.2,87.7,.,.,.
057909041,.,.,.,.,.,.
057909042,.,.,.,.,.,.
057909043,.,.,.,.,.,.
057909044,.,.,.,.,.,.
057909045,.,.,.,.,.,.
057909046,.,.,.,.,.,.
057909047,.,.,.,.,.,.
057909048,.,.,.,.,.,.
057909049,.,.,.,.,.,.
057909050,.,.,.,.,.,.
057909051,.,.,.,.,.,.
057909052,.,.,.,.,.,.
057909053,.,.,.,.,.,.
057909054,.,.,.,.,.,.
057909101,.,.,.,.,.,.
057909102,.,.,.,.,.,.
057909103,.,.,.,.,.,.
057909105,.,.,.,.,.,.
057909107,.,.,.,.,.,.
057909108,.,.,.,.,.,.
057909109,.,.,.,.,.,.
057909110,.,.,.,.,.,.
057909111,.,.,.,.,.,.
057909112,.,.,.,.,.,.
057909113,.,.,.,.,.,.
057909115,.,.,.,.,.,.
057909116,.,.,.,.,.,.
057909117,.,.,.,.,.,.
057909119,.,.,.,.,.,.
057909120,.,.,.,.,.,.
057909121,.,.,.,.,.,.
057909122,.,.,.,.,.,.
057909123,.,.,.,.,.,.
057909124,.,.,.,.,.,.
057909125,.,.,.,.,.,.
057909126,.,.,.,.,.,.
057909127,.,.,.,.,.,.
057909128,.,.,.,.,.,.
057909129,.,.,.,.,.,.
057909132,.,.,.,.,.,.
057909133,.,.,.,.,.,.
057909134,.,.,.,.,.,.
057909135,.,.,.,.,.,.
057909136,.,.,.,.,.,.
057909137,.,.,.,.,.,.
057909138,.,.,.,.,.,.
057909139,.,.,.,.,.,.
057909140,.,.,.,.,.,.
057909141,.,.,.,.,.,.
057909142,.,.,.,.,.,.
057909143,.,.,.,.,.,.
057909144,.,.,.,.,.,.
057909145,.,.,.,.,.,.
057909146,.,.,.,.,.,.
057909147,.,.,.,.,.,.
057909148,.,.,.,.,.,.
057909154,.,.,.,.,.,.
057909155,.,.,.,.,.,.
057910002,59,65.7,76.3,993,18.4,33.8
057910003,70.3,75.9,84.6,996,19.3,57.3
057910004,.,.,.,.,.,.
057910007,.,.,.,.,.,.
057910008,14.3,.,16.7,.,.,.
057910041,.,.,.,.,.,.
057910044,.,.,.,.,.,.
057910045,.,.,.,.,.,.
057910046,14.3,14.3,83.3,.,.,0
057910047,.,.,.,.,.,.
057910048,.,.,.,.,.,.
057910049,.,.,.,.,.,.
057910101,.,.,.,.,.,.
057910102,.,.,.,.,.,.
057910103,.,.,.,.,.,.
057910104,.,.,.,.,.,.
057910105,.,.,.,.,.,.
057910106,.,.,.,.,.,.
057910107,.,.,.,.,.,.
057910109,.,.,.,.,.,.
057910111,.,.,.,.,.,.
057910113,.,.,.,.,.,.
057910116,.,.,.,.,.,.
057910118,.,.,.,.,.,.
057910119,.,.,.,.,.,.
057910120,.,.,.,.,.,.
057910121,.,.,.,.,.,.
057910122,.,.,.,.,.,.
057910123,.,.,.,.,.,.
057910124,.,.,.,.,.,.
057910125,.,.,.,.,.,.
057910126,.,.,.,.,.,.
057910127,.,.,.,.,.,.
057911001,95.4,96.5,98.4,1194,24.8,.
057911041,.,.,.,.,.,.
057911101,.,.,.,.,.,.
057911102,.,.,.,.,.,.
057911103,.,.,.,.,.,.
057911104,.,.,.,.,.,.
057911105,.,.,.,.,.,.
057912002,61.1,63.8,81.1,992,20.1,43.5
057912003,63.9,67.6,85.4,1015,18.8,59.5
057912004,56.2,60.1,81.6,991,19.6,58.2
057912005,47.4,42.9,76.9,.,.,0
057912007,.,.,.,.,.,.
057912009,.,.,.,.,.,.
057912041,.,.,.,.,.,.
057912042,.,.,.,.,.,.
057912043,.,.,.,.,.,.
057912044,.,.,.,.,.,.
057912045,.,.,.,.,.,.
057912046,.,.,.,.,.,.
057912048,.,.,.,.,.,.
057912101,.,.,.,.,.,.
057912102,.,.,.,.,.,.
057912103,.,.,.,.,.,.
057912104,.,.,.,.,.,.
057912105,.,.,.,.,.,.
057912106,.,.,.,.,.,.
057912107,.,.,.,.,.,.
057912108,.,.,.,.,.,.
057912109,.,.,.,.,.,.
057912111,.,.,.,.,.,.
057912112,.,.,.,.,.,.
057912113,.,.,.,.,.,.
057912114,.,.,.,.,.,.
057912116,.,.,.,.,.,.
057912118,.,.,.,.,.,.
057912119,.,.,.,.,.,.
057912120,.,.,.,.,.,.
057912121,.,.,.,.,.,.
057912122,.,.,.,.,.,.
057912161,.,.,.,.,.,.
057912162,.,.,.,.,.,.
057912163,.,.,.,.,.,.
057912197,.,.,.,.,.,.
057913001,58.1,62.6,79.9,845,17.2,63.1
057913041,.,.,.,.,.,.
057913101,.,.,.,.,.,.
057913102,.,.,.,.,.,.
057913103,.,.,.,.,.,.
057913105,.,.,.,.,.,.
057913106,.,.,.,.,.,.
057913107,.,.,.,.,.,.
057913111,.,.,.,.,.,.
057914001,58.5,60.7,86.3,1017,20.1,60.6
057914002,61.4,63.3,81.7,976,19.7,60.9
057914003,53.5,56.3,80.3,1025,18.3,40.3
057914004,81,84.8,92,1033,19.9,71.5
057914005,73.3,76.6,92.4,.,.,.
057914007,.,.,.,.,.,.
057914041,.,.,.,.,.,.
057914042,.,.,.,.,.,.
057914043,.,.,.,.,.,.
057914044,.,.,.,.,.,.
057914045,.,.,.,.,.,.
057914046,.,.,.,.,.,.
057914047,.,.,.,.,.,.
057914101,.,.,.,.,.,.
057914102,.,.,.,.,.,.
057914103,.,.,.,.,.,.
057914104,.,.,.,.,.,.
057914105,.,.,.,.,.,.
057914106,.,.,.,.,.,.
057914107,.,.,.,.,.,.
057914108,.,.,.,.,.,.
057914109,.,.,.,.,.,.
057914110,.,.,.,.,.,.
057914111,.,.,.,.,.,.
057914112,.,.,.,.,.,.
057914113,.,.,.,.,.,.
057914114,.,.,.,.,.,.
057914115,.,.,.,.,.,.
057914116,.,.,.,.,.,.
057914117,.,.,.,.,.,.
057914118,.,.,.,.,.,.
057914119,.,.,.,.,.,.
057914120,.,.,.,.,.,.
057914121,.,.,.,.,.,.
057914122,.,.,.,.,.,.
057914123,.,.,.,.,.,.
057914124,.,.,.,.,.,.
057914125,.,.,.,.,.,.
057914126,.,.,.,.,.,.
057914127,.,.,.,.,.,.
057914128,.,.,.,.,.,.
057914129,.,.,.,.,.,.
057914656,.,.,.,.,.,8.3
057916002,.,.,.,1055,21.9,86.2
057916003,.,.,.,1010,20.6,79.6
057916004,37.5,20,62.5,1133,23.5,94.1
057916005,20,.,.,1058,22.6,86.3
057916006,.,.,.,.,.,.
057916008,.,.,.,.,.,.
057916042,.,.,.,.,.,.
057916043,73.2,77.8,90.1,.,.,.
057916044,75.5,78,88.6,.,.,.
057916045,83.6,86.1,92.3,.,.,.
057916047,.,.,.,.,.,.
057916048,79.6,81.1,93.2,.,.,.
057916049,86.3,91.4,92.6,.,.,.
057916050,89.3,90.8,95.7,.,.,.
057916051,95.8,96.1,99.6,.,.,.
057916052,79.3,81.8,90.4,.,.,.
057916101,.,.,.,.,.,.
057916102,.,.,.,.,.,.
057916103,.,.,.,.,.,.
057916104,.,.,.,.,.,.
057916105,.,.,.,.,.,.
057916106,.,.,.,.,.,.
057916107,.,.,.,.,.,.
057916108,.,.,.,.,.,.
057916109,.,.,.,.,.,.
057916110,.,.,.,.,.,.
057916111,.,.,.,.,.,.
057916112,.,.,.,.,.,.
057916113,.,.,.,.,.,.
057916114,.,.,.,.,.,.
057916115,.,.,.,.,.,.
057916116,.,.,.,.,.,.
057916117,.,.,.,.,.,.
057916118,.,.,.,.,.,.
057916119,.,.,.,.,.,.
057916120,.,.,.,.,.,.
057916121,.,.,.,.,.,.
057916122,.,.,.,.,.,.
057916123,.,.,.,.,.,.
057916124,.,.,.,.,.,.
057916125,.,.,.,.,.,.
057916126,.,.,.,.,.,.
057916127,.,.,.,.,.,.
057916128,.,.,.,.,.,.
057916129,.,.,.,.,.,.
057916130,.,.,.,.,.,.
057916131,.,.,.,.,.,.
057916132,.,.,.,.,.,.
057916133,.,.,.,.,.,.
057916134,.,.,.,.,.,.
057916135,.,.,.,.,.,.
057916137,.,.,.,.,.,.
057916141,.,.,.,.,.,.
057916142,.,.,.,.,.,.
057916143,.,.,.,.,.,.
057919101,.,.,.,.,.,.
057920002,27.7,33.2,57.5,782,14.7,41.1
057920042,.,.,.,.,.,.
057920101,.,.,.,.,.,.
057920102,.,.,.,.,.,.
057920103,.,.,.,.,.,.
057920104,.,.,.,.,.,.
057920108,.,.,.,.,.,.
057922001,86,87.2,95.1,1085,22.5,94.6
057922042,.,.,.,.,.,.
057922043,.,.,.,.,.,.
057922044,.,.,.,.,.,.
057922101,.,.,.,.,.,.
057922102,.,.,.,.,.,.
057922103,.,.,.,.,.,.
057922105,.,.,.,.,.,.
057922106,.,.,.,.,.,.
057922107,.,.,.,.,.,.
057922108,.,.,.,.,.,.
057922109,.,.,.,.,.,.
057922110,.,.,.,.,.,.
057922111,.,.,.,.,.,.
058902001,70,66.7,80,.,22.3,66.7
058905001,88.9,100,88.9,.,22.5,66.7
058906001,55.5,58.2,87.1,1070,19.2,50.4
058906041,.,.,.,.,.,.
058906103,.,.,.,.,.,.
058906105,.,.,.,.,.,.
058909001,66.7,66.7,100,.,20.1,66.7
059901001,55.2,65.1,70.7,1101,20,37.5
059901040,.,.,.,.,.,.
059901042,.,.,.,.,.,.
059901101,.,.,.,.,.,.
059901102,.,.,.,.,.,.
059901103,.,.,.,.,.,.
059901104,.,.,.,.,.,.
059901106,.,.,.,.,.,.
059902101,.,.,.,.,.,.
060902001,73,79,87.1,981,22.4,64.4
060902041,.,.,.,.,.,.
060902101,.,.,.,.,.,.
060914001,83.3,83.3,91.7,.,18.1,50
060914102,.,.,.,.,.,.
061802001,66.7,.,100,.,.,0
061802002,85.7,80,100,.,.,0
061901002,58.5,61.1,81.5,1017,20.1,70.9
061901003,69,73.1,80,1054,21.5,73.9
061901004,.,.,.,.,.,.
061901005,.,.,.,.,.,.
061901006,.,.,.,.,.,.
061901039,.,.,.,.,.,14.3
061901040,70,62.5,100,.,.,.
061901041,.,.,.,.,.,.
061901044,.,.,.,.,.,.
061901045,.,.,.,.,.,.
061901046,.,.,.,.,.,.
061901102,.,.,.,.,.,.
061901104,.,.,.,.,.,.
061901105,.,.,.,.,.,.
061901106,.,.,.,.,.,.
061901107,.,.,.,.,.,.
061901108,.,.,.,.,.,.
061901109,.,.,.,.,.,.
061901110,.,.,.,.,.,.
061901111,.,.,.,.,.,.
061901112,.,.,.,.,.,.
061901113,.,.,.,.,.,.
061901114,.,.,.,.,.,.
061901115,.,.,.,.,.,.
061902001,42.1,34.7,78.7,1024,20.2,76.3
061902002,86.4,88.2,95.1,1078,22.3,93.1
061902004,78.2,84.3,90.3,1070,20.4,76.8
061902005,33.3,.,33.3,.,.,0
061902007,.,.,.,.,.,.
061902008,84,85.9,94.2,.,20.3,66.5
061902009,83.7,85.2,94.6,.,.,.
061902010,91.3,91.8,98.4,.,21.8,51
061902042,.,.,.,.,.,.
061902044,.,.,.,.,.,.
061902045,.,.,.,.,.,.
061902046,.,.,.,.,.,.
061902047,.,.,.,.,.,.
061902048,.,.,.,.,.,.
061902049,.,.,.,.,.,.
061902050,.,.,.,.,.,.
061902052,.,.,.,.,.,.
061902053,.,.,.,.,.,.
061902054,.,.,.,.,.,.
061902055,.,.,.,.,.,.
061902056,.,.,.,.,.,.
061902101,.,.,.,.,.,.
061902102,.,.,.,.,.,.
061902104,.,.,.,.,.,.
061902105,.,.,.,.,.,.
061902106,.,.,.,.,.,.
061902107,.,.,.,.,.,.
061902108,.,.,.,.,.,.
061902109,.,.,.,.,.,.
061902110,.,.,.,.,.,.
061902111,.,.,.,.,.,.
061902112,.,.,.,.,.,.
061902113,.,.,.,.,.,.
061902114,.,.,.,.,.,.
061902115,.,.,.,.,.,.
061902116,.,.,.,.,.,.
061902117,.,.,.,.,.,.
061902118,.,.,.,.,.,.
061902119,.,.,.,.,.,.
061902120,.,.,.,.,.,.
061902121,.,.,.,.,.,.
061902122,.,.,.,.,.,.
061902123,.,.,.,.,.,.
061902124,.,.,.,.,.,.
061902125,.,.,.,.,.,.
061902126,.,.,.,.,.,.
061902127,.,.,.,.,.,.
061902128,.,.,.,.,.,.
061902129,.,.,.,.,.,.
061902130,.,.,.,.,.,.
061902131,.,.,.,.,.,.
061902132,.,.,.,.,.,.
061902133,.,.,.,.,.,.
061902135,.,.,.,.,.,.
061902136,.,.,.,.,.,.
061903001,79.7,83.8,88.8,1077,22.7,72.7
061903041,.,.,.,.,.,.
061903101,.,.,.,.,.,.
061903102,.,.,.,.,.,.
061905001,56.7,55.1,81.3,994,21,61.8
061905002,.,.,.,.,.,.
061905041,.,.,.,.,.,.
061905101,.,.,.,.,.,.
061905102,.,.,.,.,.,.
061906001,54.9,57.6,88.4,1031,21.9,61.8
061906101,.,.,.,.,.,.
061907001,84.4,88.2,94.7,918,20.7,59.1
061907041,.,.,.,.,.,.
061907101,.,.,.,.,.,.
061908001,62,65,82.8,1020,21.6,47.2
061908003,.,.,.,.,.,0
061908041,.,.,.,.,.,.
061908101,.,.,.,.,.,.
061908102,.,.,.,.,.,.
061908103,.,.,.,.,.,.
061910001,78.8,81,95.9,.,.,.
061910041,.,.,.,.,.,.
061910101,.,.,.,.,.,.
061911001,66.4,69.3,86.6,1027,19.8,65.9
061911003,73.7,42.9,89.5,.,.,.
061911004,.,.,.,.,.,9.1
061911042,.,.,.,.,.,.
061911043,.,.,.,.,.,.
061911044,.,.,.,.,.,.
061911101,.,.,.,.,.,.
061911102,.,.,.,.,.,.
061911106,.,.,.,.,.,.
061911107,.,.,.,.,.,.
061911108,.,.,.,.,.,.
061911109,.,.,.,.,.,.
061911110,.,.,.,.,.,.
061911111,.,.,.,.,.,.
061912001,74.7,80.7,84.1,1015,21.9,65.3
061912041,.,.,.,.,.,.
061912101,.,.,.,.,.,.
061912102,.,.,.,.,.,.
061912103,.,.,.,.,.,.
061912104,.,.,.,.,.,.
061914001,65.9,70.8,83.2,893,17.8,59.1
061914041,.,.,.,.,.,.
061914101,.,.,.,.,.,.
061914102,.,.,.,.,.,.
061914103,.,.,.,.,.,.
061914104,.,.,.,.,.,.
062901001,73.5,80.3,85.2,969,20.6,63.4
062901002,.,.,.,.,.,.
062901041,.,.,.,.,.,.
062901101,.,.,.,.,.,.
062901104,.,.,.,.,.,.
062901199,.,.,.,.,.,.
062902001,37.5,37.5,71.4,.,.,50
062903001,69.3,69.7,85.2,938,19.1,64.6
062903041,.,.,.,.,.,.
062903102,.,.,.,.,.,.
062903103,.,.,.,.,.,.
062904001,52.6,56.4,73.2,958,17.5,46.4
062904041,.,.,.,.,.,.
062904102,.,.,.,.,.,.
062905101,.,.,.,.,.,.
062906101,.,.,.,.,.,.
063903001,90.9,100,87.5,.,22.7,63.6
063906001,100,100,100,.,19,.
064903001,53.7,58.7,71.9,807,17.4,49.6
064903041,.,.,.,.,.,.
064903101,.,.,.,.,.,.
064903103,.,.,.,.,.,.
064903104,.,.,.,.,.,.
064903105,.,.,.,.,.,.
064903107,.,.,.,.,.,.
065901001,74.2,74.2,93.1,.,20.7,.
065901041,.,.,.,.,.,.
065901101,.,.,.,.,.,.
065902001,46.2,50,83.3,.,18.4,53.3
066005101,.,.,.,.,.,.
066901001,37.8,37.1,72.7,.,17.5,87.5
066901041,.,.,.,.,.,.
066902001,21,20.4,64.6,.,16.4,39.8
066902041,.,.,.,.,.,.
066902101,.,.,.,.,.,.
066902102,.,.,.,.,.,.
066903002,43.7,47.1,83.8,.,17.2,87.3
066903004,.,.,.,.,.,.
066903042,.,.,.,.,.,.
066903102,.,.,.,.,.,.
067902001,66.7,70.6,91.7,1014,20.9,40
067902004,.,.,.,.,.,.
067902041,.,.,.,.,.,.
067902101,.,.,.,.,.,.
067903001,69.7,72.6,89.4,990,22.3,66.1
067903041,.,.,.,.,.,.
067903101,.,.,.,.,.,.
067904001,62.5,59.1,95.8,948,19.1,52
067904101,.,.,.,.,.,.
067907001,72.7,72.7,90,1058,23.1,67.7
067907041,.,.,.,.,.,.
067907101,.,.,.,.,.,.
067908001,78.6,78.6,81.8,894,17.3,80
067908101,.,.,.,.,.,.
068901002,17.3,7.3,57.4,967,20.2,46.4
068901003,23.8,12.1,50,929,20,52.7
068901004,.,.,.,.,.,.
068901005,14.3,20,60,.,.,.
068901006,55.6,.,62.5,.,.,0
068901007,.,.,.,.,.,.
068901008,54.7,57.3,86,890,17.4,6.7
068901042,46.6,51.1,74.1,.,.,.
068901043,57.1,58,86.2,.,.,.
068901044,50.7,56.4,77,.,.,.
068901045,64.1,69.9,86.1,.,.,.
068901046,72.6,76.4,89.6,.,.,.
068901047,47.5,50.4,75.1,.,.,.
068901101,.,.,.,.,.,.
068901102,.,.,.,.,.,.
068901103,.,.,.,.,.,.
068901104,.,.,.,.,.,.
068901105,.,.,.,.,.,.
068901106,.,.,.,.,.,.
068901107,.,.,.,.,.,.
068901108,.,.,.,.,.,.
068901110,.,.,.,.,.,.
068901111,.,.,.,.,.,.
068901112,.,.,.,.,.,.
068901113,.,.,.,.,.,.
068901114,.,.,.,.,.,.
068901115,.,.,.,.,.,.
068901116,.,.,.,.,.,.
068901117,.,.,.,.,.,.
068901118,.,.,.,.,.,.
068901119,.,.,.,.,.,.
068901121,.,.,.,.,.,.
068901122,.,.,.,.,.,.
068901123,.,.,.,.,.,.
068901124,.,.,.,.,.,.
068901125,.,.,.,.,.,.
068901126,.,.,.,.,.,.
068901127,.,.,.,.,.,.
068901128,.,.,.,.,.,.
068901129,.,.,.,.,.,.
068901130,.,.,.,.,.,.
068901191,.,.,.,.,.,.
069901001,57.1,70.4,77.8,902,19.1,69.6
069901002,.,.,.,.,.,.
069901101,.,.,.,.,.,.
069902001,55,52.6,94.7,.,20.3,39.1
069902041,.,.,.,.,.,.
069902101,.,.,.,.,.,.
070801001,33.3,28.6,75,.,.,.
070901001,25,25,83.3,.,.,33.3
070903002,57.8,62.5,81.3,1060,19.6,58.3
070903042,.,.,.,.,.,.
070903043,.,.,.,.,.,.
070903101,.,.,.,.,.,.
070903102,.,.,.,.,.,.
070903103,.,.,.,.,.,.
070903104,.,.,.,.,.,.
070903105,.,.,.,.,.,.
070903106,.,.,.,.,.,.
070905002,56.5,56.6,85.2,908,.,52.5
070905041,.,.,.,.,.,.
070905103,.,.,.,.,.,.
070905104,.,.,.,.,.,.
070905105,.,.,.,.,.,.
070907001,64,68.8,87.5,981,18.4,78.1
070907101,.,.,.,.,.,.
070908001,.,.,.,1026,21.4,62.7
070908002,61.7,65.5,82,.,.,.
070908042,.,.,.,.,.,.
070908043,.,.,.,.,.,.
070908103,.,.,.,.,.,.
070908104,.,.,.,.,.,.
070908105,.,.,.,.,.,.
070908106,.,.,.,.,.,.
070909001,30.8,25,90.9,.,.,33.3
070910001,60.5,64,82.5,956,19.2,59.1
070910041,.,.,.,.,.,.
070910042,.,.,.,.,.,.
070910101,.,.,.,.,.,.
070911001,77,78.3,95.3,991,20.7,71.4
070911041,.,.,.,.,.,.
070911101,.,.,.,.,.,.
070911102,.,.,.,.,.,.
070911103,.,.,.,.,.,.
070911104,.,.,.,.,.,.
070911105,.,.,.,.,.,.
070912001,80.4,82.5,92.8,.,.,.
070912002,30,30,64.4,988,19.5,53.8
070912003,.,.,.,.,.,11.1
070912041,.,.,.,.,.,.
070912042,.,.,.,.,.,.
070912104,.,.,.,.,.,.
070912106,.,.,.,.,.,.
070912107,.,.,.,.,.,.
070912108,.,.,.,.,.,.
070912109,.,.,.,.,.,.
070915001,81.4,78.8,96.6,959,19.5,80.4
070915041,.,.,.,.,.,.
070915042,.,.,.,.,.,.
070915101,.,.,.,.,.,.
071801001,.,.,.,.,.,.
071801002,25,0,87.5,.,.,.
071803001,53.3,16.7,72.7,.,.,0
071804001,52.9,27.8,75.9,.,.,0
071805001,.,.,.,.,.,.
071805041,33.3,38.1,95.2,.,.,.
071901001,57.5,63.8,80.6,815,17.1,67
071901002,39.8,44.2,63.3,819,16.7,48.5
071901004,53.4,68.6,64.3,.,.,.
071901041,.,.,.,.,.,.
071901042,.,.,.,.,.,.
071901043,.,.,.,.,.,.
071901101,.,.,.,.,.,.
071901102,.,.,.,.,.,.
071901103,.,.,.,.,.,.
071901104,.,.,.,.,.,.
071901105,.,.,.,.,.,.
071902001,41.9,43.3,77.6,923,20.3,58.8
071902002,37.2,40.2,64.5,877,18.6,55.4
071902003,35.5,44.1,57.3,751,16.6,40.4
071902004,55.2,57.8,82.9,913,18.5,56.5
071902005,54.7,59.1,75.6,1038,23.5,76.8
071902006,40.3,42.2,71.7,906,19.7,38.5
071902008,36,35.3,64.2,894,18.3,41.6
071902009,33.1,39.4,59.6,763,18.6,47.3
071902010,64.6,64.6,88.7,1018,22,72.6
071902011,96.4,96.3,100,1002,21.5,86.6
071902012,58.5,61.2,83,.,.,.
071902020,30.8,11.8,75,863,.,37.5
071902022,26.7,0,60,.,.,0
071902025,35.3,35.7,60,.,.,.
071902027,.,.,.,.,.,.
071902032,.,.,.,.,.,.
071902040,.,.,.,.,.,.
071902041,.,.,.,.,.,.
071902042,.,.,.,.,.,.
071902043,.,.,.,.,.,.
071902044,.,.,.,.,.,.
071902045,.,.,.,.,.,.
071902046,.,.,.,.,.,.
071902047,.,.,.,.,.,.
071902048,.,.,.,.,.,.
071902049,.,.,.,.,.,.
071902051,.,.,.,.,.,.
071902052,.,.,.,.,.,.
071902053,.,.,.,.,.,.
071902054,.,.,.,.,.,.
071902055,.,.,.,.,.,.
071902057,.,.,.,.,.,.
071902101,.,.,.,.,.,.
071902102,.,.,.,.,.,.
071902103,.,.,.,.,.,.
071902104,.,.,.,.,.,.
071902105,.,.,.,.,.,.
071902106,.,.,.,.,.,.
071902107,.,.,.,.,.,.
071902108,.,.,.,.,.,.
071902109,.,.,.,.,.,.
071902110,.,.,.,.,.,.
071902111,.,.,.,.,.,.
071902112,.,.,.,.,.,.
071902113,.,.,.,.,.,.
071902114,.,.,.,.,.,.
071902115,.,.,.,.,.,.
071902116,.,.,.,.,.,.
071902118,.,.,.,.,.,.
071902119,.,.,.,.,.,.
071902120,.,.,.,.,.,.
071902121,.,.,.,.,.,.
071902122,.,.,.,.,.,.
071902123,.,.,.,.,.,.
071902125,.,.,.,.,.,.
071902128,.,.,.,.,.,.
071902129,.,.,.,.,.,.
071902130,.,.,.,.,.,.
071902131,.,.,.,.,.,.
071902133,.,.,.,.,.,.
071902134,.,.,.,.,.,.
071902135,.,.,.,.,.,.
071902136,.,.,.,.,.,.
071902137,.,.,.,.,.,.
071902138,.,.,.,.,.,.
071902140,.,.,.,.,.,.
071902141,.,.,.,.,.,.
071902142,.,.,.,.,.,.
071902143,.,.,.,.,.,.
071902144,.,.,.,.,.,.
071902145,.,.,.,.,.,.
071902146,.,.,.,.,.,.
071902147,.,.,.,.,.,.
071902148,.,.,.,.,.,.
071902149,.,.,.,.,.,.
071902150,.,.,.,.,.,.
071902151,.,.,.,.,.,.
071902153,.,.,.,.,.,.
071902155,.,.,.,.,.,.
071902156,.,.,.,.,.,.
071902158,.,.,.,.,.,.
071902159,.,.,.,.,.,.
071902160,.,.,.,.,.,.
071902161,.,.,.,.,.,.
071902162,.,.,.,.,.,.
071902163,.,.,.,.,.,.
071902165,.,.,.,.,.,.
071902166,.,.,.,.,.,.
071902167,.,.,.,.,.,.
071903001,34.9,38.3,69.2,859,16.9,51.9
071903002,.,.,.,.,.,0
071903041,.,.,.,.,.,.
071903101,.,.,.,.,.,.
071903103,.,.,.,.,.,.
071903104,.,.,.,.,.,.
071904001,27,34.1,58.9,806,16.4,54.8
071904002,.,.,.,.,.,.
071904041,.,.,.,.,.,.
071904101,.,.,.,.,.,.
071904102,.,.,.,.,.,.
071904103,.,.,.,.,.,.
071904104,.,.,.,.,.,.
071905001,44.9,47.2,76.5,799,19.1,91.2
071905002,60.2,61.9,85.6,892,21.1,91.1
071905003,50.8,53.9,77.7,772,19,.
071905004,45.7,48.5,69.4,788,16.6,94.6
071905005,46.5,47.7,76.8,782,14.8,83.6
071905007,66.2,72.3,84.9,858,20.5,94.2
071905008,53.3,57.6,75.1,772,17,82.6
071905010,.,.,.,686,.,.
071905014,.,.,.,654,.,.
071905015,.,.,.,.,.,.
071905016,.,.,.,.,.,.
071905033,.,.,.,.,.,0
071905040,.,.,.,.,.,.
071905042,.,.,.,.,.,.
071905043,.,.,.,.,.,.
071905044,.,.,.,.,.,.
071905045,.,.,.,.,.,.
071905046,.,.,.,.,.,.
071905047,.,.,.,.,.,.
071905048,.,.,.,.,.,.
071905049,.,.,.,.,.,.
071905050,.,.,.,.,.,.
071905051,.,.,.,.,.,.
071905052,.,.,.,.,.,.
071905101,.,.,.,.,.,.
071905102,.,.,.,.,.,.
071905103,.,.,.,.,.,.
071905104,.,.,.,.,.,.
071905105,.,.,.,.,.,.
071905106,.,.,.,.,.,.
071905107,.,.,.,.,.,.
071905108,.,.,.,.,.,.
071905109,.,.,.,.,.,.
071905110,.,.,.,.,.,.
071905111,.,.,.,.,.,.
071905112,.,.,.,.,.,.
071905113,.,.,.,.,.,.
071905114,.,.,.,.,.,.
071905116,.,.,.,.,.,.
071905117,.,.,.,.,.,.
071905118,.,.,.,.,.,.
071905119,.,.,.,.,.,.
071905120,.,.,.,.,.,.
071905121,.,.,.,.,.,.
071905122,.,.,.,.,.,.
071905123,.,.,.,.,.,.
071905124,.,.,.,.,.,.
071905127,.,.,.,.,.,.
071905128,.,.,.,.,.,.
071905129,.,.,.,.,.,.
071905130,.,.,.,.,.,.
071905131,.,.,.,.,.,.
071905132,.,.,.,.,.,.
071905133,.,.,.,.,.,.
071905134,.,.,.,.,.,.
071905135,.,.,.,.,.,.
071905136,.,.,.,.,.,.
071905138,.,.,.,.,.,.
071905140,.,.,.,.,.,.
071905141,.,.,.,.,.,.
071906001,37.7,38,77.1,.,15.5,.
071906041,.,.,.,.,.,.
071906101,.,.,.,.,.,.
071907001,37.8,38.1,69.6,848,17.6,56.8
071907041,.,.,.,.,.,.
071907101,.,.,.,.,.,.
071907102,.,.,.,.,.,.
071907103,.,.,.,.,.,.
071907104,.,.,.,.,.,.
071908001,36.5,51.7,58.3,819,15,93.5
071908041,.,.,.,.,.,.
071908101,.,.,.,.,.,.
071909001,44.3,46.8,78.5,824,19.7,50.7
071909002,49,50.3,80.9,918,19.7,58.4
071909003,.,.,.,.,.,.
071909004,59.7,62.5,83.5,892,17.6,56.4
071909041,.,.,.,.,.,.
071909042,.,.,.,.,.,.
071909043,.,.,.,.,.,.
071909044,.,.,.,.,.,.
071909045,.,.,.,.,.,.
071909046,.,.,.,.,.,.
071909047,.,.,.,.,.,.
071909101,.,.,.,.,.,.
071909102,.,.,.,.,.,.
071909103,.,.,.,.,.,.
071909104,.,.,.,.,.,.
071909105,.,.,.,.,.,.
071909106,.,.,.,.,.,.
071909107,.,.,.,.,.,.
071909109,.,.,.,.,.,.
071909110,.,.,.,.,.,.
071909111,.,.,.,.,.,.
071909112,.,.,.,.,.,.
071909113,.,.,.,.,.,.
071909114,.,.,.,.,.,.
071909115,.,.,.,.,.,.
071909116,.,.,.,.,.,.
071909117,.,.,.,.,.,.
071909118,.,.,.,.,.,.
071909119,.,.,.,.,.,.
071909121,.,.,.,.,.,.
071909122,.,.,.,.,.,.
072801001,28.6,28.6,83.3,.,.,0
072901101,.,.,.,.,.,.
072902001,64.2,68,83,948,20.2,67.8
072902041,.,.,.,.,.,.
072902101,.,.,.,.,.,.
072902102,.,.,.,.,.,.
072903001,67.2,68.6,91.3,999,20.7,79.1
072903041,.,.,.,.,.,.
072903101,.,.,.,.,.,.
072903102,.,.,.,.,.,.
072903103,.,.,.,.,.,.
072903104,.,.,.,.,.,.
072904101,.,.,.,.,.,.
072908001,47.1,52.9,82.4,1008,22.3,.
072909001,80,91.7,85.7,1046,22.6,53.3
072910101,.,.,.,.,.,.
073901001,65,68.4,75,.,.,21.1
073903001,33.9,36.2,66.1,870,18.1,50
073903003,.,.,.,.,.,.
073903045,.,.,.,.,.,.
073903046,.,.,.,.,.,.
073903102,.,.,.,.,.,.
073904101,.,.,.,.,.,.
073905001,65.1,68.8,80.3,985,20.8,50.8
073905004,.,.,.,.,.,.
073905041,.,.,.,.,.,.
073905101,.,.,.,.,.,.
073905102,.,.,.,.,.,.
073905103,.,.,.,.,.,.
074903001,59.5,61.5,82.5,982,21,53.8
074903041,.,.,.,.,.,.
074903102,.,.,.,.,.,.
074903103,.,.,.,.,.,.
074903104,.,.,.,.,.,.
074904001,87.5,87.5,93.8,.,20.2,66.7
074905001,50,47.1,88.2,.,18.2,60
074907001,64.9,65.7,91.4,.,19.6,60
074907041,.,.,.,.,.,.
074907101,.,.,.,.,.,.
074909001,73,79.4,86.9,.,20.2,63.2
074909041,.,.,.,.,.,.
074909101,.,.,.,.,.,.
074909102,.,.,.,.,.,.
074911001,73.7,88.9,84.2,.,.,27.8
074911101,.,.,.,.,.,.
074912001,58.1,56.7,93.1,934,20.8,54.5
074912101,.,.,.,.,.,.
074917001,81.8,95,85.7,.,21.6,57.1
074917101,.,.,.,.,.,.
075901001,67.4,69.8,92.5,1076,19.6,56.1
075901102,.,.,.,.,.,.
075902001,71.6,72.5,91.5,1061,21.2,63.3
075902041,.,.,.,.,.,.
075902101,.,.,.,.,.,.
075902102,.,.,.,.,.,.
075903001,65.9,72.1,81.4,978,24,58.5
075903102,.,.,.,.,.,.
075906001,70.6,75,87.5,1084,23,50
075906101,.,.,.,.,.,.
075908001,89.5,89.5,100,1026,22.8,88.2
075908101,.,.,.,.,.,.
076903001,84.2,83.3,100,.,18.9,52.6
076903101,.,.,.,.,.,.
076904001,75,78.8,88.2,.,19.9,74.1
076904002,.,.,.,.,.,.
076904041,.,.,.,.,.,.
076904101,.,.,.,.,.,.
077901001,59.1,61.5,78.5,.,20.5,65.3
077901002,.,.,.,.,.,.
077901003,.,.,.,.,.,.
077901004,.,.,.,.,.,.
077901041,.,.,.,.,.,.
077901101,.,.,.,.,.,.
077901102,.,.,.,.,.,.
077902001,63.5,64.7,87.2,.,20.4,72.2
077902003,.,.,.,.,.,.
077902041,.,.,.,.,.,.
077902101,.,.,.,.,.,.
078901001,65.2,69.6,87,.,18.9,40.9
078901101,.,.,.,.,.,.
079901001,45.7,47.7,73.8,1017,20.7,62.5
079901002,53.5,60.6,74.2,968,19.3,56.7
079901003,60.5,61.9,86.2,.,.,.
079901004,.,.,.,.,.,.
079901005,.,.,.,.,.,.
079901008,.,.,.,.,.,.
079901041,.,.,.,.,.,.
079901042,.,.,.,.,.,.
079901043,.,.,.,.,.,.
079901101,.,.,.,.,.,.
079901102,.,.,.,.,.,.
079901103,.,.,.,.,.,.
079901105,.,.,.,.,.,.
079901106,.,.,.,.,.,.
079901107,.,.,.,.,.,.
079901108,.,.,.,.,.,.
079901109,.,.,.,.,.,.
079901110,.,.,.,.,.,.
079901111,.,.,.,.,.,.
079901112,.,.,.,.,.,.
079901114,.,.,.,.,.,.
079901115,.,.,.,.,.,.
079901116,.,.,.,.,.,.
079901117,.,.,.,.,.,.
079901118,.,.,.,.,.,.
079901119,.,.,.,.,.,.
079901120,.,.,.,.,.,.
079901133,.,.,.,.,.,.
079906001,60.1,61.9,84,1091,21.8,57.1
079906041,.,.,.,.,.,.
079906042,.,.,.,.,.,.
079906102,.,.,.,.,.,.
079906103,.,.,.,.,.,.
079907001,84,86.7,93.8,1045,20.8,85.4
079907002,42.9,44.6,77.1,822,16.5,63.2
079907004,95,96,98.5,1150,23,.
079907005,75.3,77.1,88.8,1025,20.7,73.3
079907006,85.6,88,93.9,1009,20.5,93.7
079907007,87.2,88.8,95.7,1057,20.9,82.8
079907008,75.2,77.1,92.2,1007,18.8,77.8
079907009,.,.,.,.,.,0
079907010,.,.,.,.,.,.
079907011,62,66.2,83.2,.,.,.
079907012,62,64.4,86.8,.,.,.
079907014,.,.,.,.,.,.
079907041,.,.,.,.,.,.
079907042,.,.,.,.,.,.
079907043,.,.,.,.,.,.
079907044,.,.,.,.,.,.
079907045,.,.,.,.,.,.
079907046,.,.,.,.,.,.
079907047,.,.,.,.,.,.
079907048,.,.,.,.,.,.
079907049,.,.,.,.,.,.
079907050,.,.,.,.,.,.
079907051,.,.,.,.,.,.
079907101,.,.,.,.,.,.
079907102,.,.,.,.,.,.
079907108,.,.,.,.,.,.
079907109,.,.,.,.,.,.
079907110,.,.,.,.,.,.
079907111,.,.,.,.,.,.
079907112,.,.,.,.,.,.
079907113,.,.,.,.,.,.
079907114,.,.,.,.,.,.
079907115,.,.,.,.,.,.
079907116,.,.,.,.,.,.
079907117,.,.,.,.,.,.
079907118,.,.,.,.,.,.
079907119,.,.,.,.,.,.
079907120,.,.,.,.,.,.
079907121,.,.,.,.,.,.
079907122,.,.,.,.,.,.
079907123,.,.,.,.,.,.
079907124,.,.,.,.,.,.
079907125,.,.,.,.,.,.
079907126,.,.,.,.,.,.
079907127,.,.,.,.,.,.
079907128,.,.,.,.,.,.
079907129,.,.,.,.,.,.
079907130,.,.,.,.,.,.
079907131,.,.,.,.,.,.
079907132,.,.,.,.,.,.
079907133,.,.,.,.,.,.
079907134,.,.,.,.,.,.
079907135,.,.,.,.,.,.
079907136,.,.,.,.,.,.
079907137,.,.,.,.,.,.
079907138,.,.,.,.,.,.
079907139,.,.,.,.,.,.
079907140,.,.,.,.,.,.
079907141,.,.,.,.,.,.
079908101,.,.,.,.,.,.
079910001,73.1,76.1,90.1,995,20.6,68.1
079910041,.,.,.,.,.,.
079910101,.,.,.,.,.,.
079910102,.,.,.,.,.,.
079910103,.,.,.,.,.,.
080901001,68.2,65.7,99,1033,21.9,67.8
080901041,.,.,.,.,.,.
080901102,.,.,.,.,.,.
080901103,.,.,.,.,.,.
081902002,76,80,89,1025,21.4,64.8
081902041,.,.,.,.,.,.
081902101,.,.,.,.,.,.
081904001,61.4,58.5,96.4,997,19.9,44.1
081904041,.,.,.,.,.,.
081904102,.,.,.,.,.,.
081904103,.,.,.,.,.,.
081905002,69.2,71.8,86.8,.,16.2,75
081905041,.,.,.,.,.,.
081905102,.,.,.,.,.,.
081906101,.,.,.,.,.,.
082902001,44.2,46.9,72.9,.,19.6,61.3
082902003,.,.,.,.,.,.
082902041,.,.,.,.,.,.
082902101,.,.,.,.,.,.
082903001,46.9,48.3,68.5,921,17.5,42.3
082903002,.,.,.,.,.,.
082903041,.,.,.,.,.,.
082903103,.,.,.,.,.,.
082903104,.,.,.,.,.,.
083901001,60.5,59.5,88.6,.,18,55.3
083901002,.,.,.,.,.,.
083901041,.,.,.,.,.,.
083901101,.,.,.,.,.,.
083902001,84.6,84.6,92.3,.,22.1,70
083903001,68.1,75,85.2,974,19.8,48.7
083903002,80,.,.,.,.,0
083903041,.,.,.,.,.,.
083903101,.,.,.,.,.,.
083903102,.,.,.,.,.,.
083903103,.,.,.,.,.,.
084801101,.,.,.,.,.,.
084802001,.,.,.,.,.,.
084901001,49.1,53.5,69.8,926,18.7,53.5
084901010,.,.,.,.,.,.
084901011,.,.,.,.,.,.
084901012,.,.,.,.,.,.
084901041,.,.,.,.,.,.
084901042,.,.,.,.,.,.
084901101,.,.,.,.,.,.
084901105,.,.,.,.,.,.
084901106,.,.,.,.,.,.
084901107,.,.,.,.,.,.
084902001,65.6,70.6,82,1002,19.4,48.7
084902003,.,.,.,.,.,.
084902005,29.4,26.7,78.6,.,.,.
084902041,.,.,.,.,.,.
084902042,.,.,.,.,.,.
084902044,.,.,.,.,.,.
084902101,.,.,.,.,.,.
084902102,.,.,.,.,.,.
084902103,.,.,.,.,.,.
084902104,.,.,.,.,.,.
084902105,.,.,.,.,.,.
084902106,.,.,.,.,.,.
084902107,.,.,.,.,.,.
084902108,.,.,.,.,.,.
084902109,.,.,.,.,.,.
084902112,.,.,.,.,.,.
084902113,.,.,.,.,.,.
084903001,76,77.3,90.9,939,.,52.2
084903041,.,.,.,.,.,.
084903101,.,.,.,.,.,.
084904001,54.3,55.8,80.3,833,16.2,60.5
084904006,.,.,.,.,.,.
084904041,.,.,.,.,.,.
084904101,.,.,.,.,.,.
084904102,.,.,.,.,.,.
084904103,.,.,.,.,.,.
084904105,.,.,.,.,.,.
084904107,.,.,.,.,.,.
084904108,.,.,.,.,.,.
084906001,61,65.3,81.4,935,18.4,52.2
084906005,.,.,.,.,.,.
084906010,.,.,.,.,.,.
084906041,.,.,.,.,.,.
084906101,.,.,.,.,.,.
084906102,.,.,.,.,.,.
084906103,.,.,.,.,.,.
084906104,.,.,.,.,.,.
084906105,.,.,.,.,.,.
084906107,.,.,.,.,.,.
084908001,49.3,51.6,82,864,.,37.9
084908003,.,.,.,.,.,.
084908042,.,.,.,.,.,.
084908103,.,.,.,.,.,.
084909001,61.9,67.6,82.7,913,18.9,41.9
084909002,.,.,.,.,.,.
084909041,.,.,.,.,.,.
084909101,.,.,.,.,.,.
084909102,.,.,.,.,.,.
084909103,.,.,.,.,.,.
084909104,.,.,.,.,.,.
084910001,77.2,83.1,87.1,1043,21.7,71.5
084910002,82.3,83.9,94.9,1139,23.4,91.9
084910003,75.2,78.9,90,1037,20.8,75.7
084910004,77.4,79.3,96.7,941,.,21
084910005,.,.,.,.,.,.
084910041,.,.,.,.,.,.
084910042,.,.,.,.,.,.
084910043,.,.,.,.,.,.
084910044,.,.,.,.,.,.
084910045,.,.,.,.,.,.
084910046,.,.,.,.,.,.
084910047,.,.,.,.,.,.
084910048,.,.,.,.,.,.
084910101,.,.,.,.,.,.
084910102,.,.,.,.,.,.
084910103,.,.,.,.,.,.
084910104,.,.,.,.,.,.
084910105,.,.,.,.,.,.
084910106,.,.,.,.,.,.
084910107,.,.,.,.,.,.
084910108,.,.,.,.,.,.
084910110,.,.,.,.,.,.
084910111,.,.,.,.,.,.
084910112,.,.,.,.,.,.
084910115,.,.,.,.,.,.
084910116,.,.,.,.,.,.
084910117,.,.,.,.,.,.
084910118,.,.,.,.,.,.
084910119,.,.,.,.,.,.
084910120,.,.,.,.,.,.
084910121,.,.,.,.,.,.
084910122,.,.,.,.,.,.
084910123,.,.,.,.,.,.
084910124,.,.,.,.,.,.
084910125,.,.,.,.,.,.
084911001,88,90.7,96.1,1079,23,82.5
084911010,.,.,.,.,.,.
084911041,.,.,.,.,.,.
084911101,.,.,.,.,.,.
084911102,.,.,.,.,.,.
084911103,.,.,.,.,.,.
084911104,.,.,.,.,.,.
085902001,58.2,61.5,88.9,996,18.6,58.3
085902002,33.3,33.3,80,.,.,.
085902041,.,.,.,.,.,.
085902101,.,.,.,.,.,.
085903001,81.3,87.5,93.3,.,18.2,46.2
086024101,.,.,.,.,.,.
086901001,67.2,67.9,87.7,1024,20,72.4
086901002,.,.,.,.,.,.
086901041,.,.,.,.,.,.
086901102,.,.,.,.,.,.
086901103,.,.,.,.,.,.
086901104,.,.,.,.,.,.
086902001,83.3,85,97.6,1033,20.1,69.6
086902041,.,.,.,.,.,.
086902101,.,.,.,.,.,.
087901001,72.2,77.8,83.3,948,20.5,62.5
087901101,.,.,.,.,.,.
088902001,75.5,77.2,93.8,1037,20.5,76.4
088902041,.,.,.,.,.,.
088902102,.,.,.,.,.,.
089901001,53.2,59,78.4,868,18,57.8
089901002,.,.,.,.,.,0
089901042,.,.,.,.,.,.
089901101,.,.,.,.,.,.
089901102,.,.,.,.,.,.
089901103,.,.,.,.,.,.
089903001,69.6,71.6,92.3,915,19.2,52.9
089903002,.,.,.,.,.,.
089903003,.,.,.,.,.,.
089903041,.,.,.,.,.,.
089903101,.,.,.,.,.,.
089905001,38.5,38.5,92.3,.,17,72.7
089905102,.,.,.,.,.,.
090902001,35.7,42.9,76.9,.,17.2,71.4
090903001,66.7,66.7,100,.,19.5,.
090904001,62.6,68.9,78.3,993,20.7,70.5
090904002,.,.,.,.,.,0
090904042,.,.,.,.,.,.
090904101,.,.,.,.,.,.
090904105,.,.,.,.,.,.
090904107,.,.,.,.,.,.
090904108,.,.,.,.,.,.
090905101,.,.,.,.,.,.
091901001,78.9,81.5,92.9,963,21.8,52.3
091901041,.,.,.,.,.,.
091901101,.,.,.,.,.,.
091902001,61,65.9,78,.,19.3,100
091902101,.,.,.,.,.,.
091903001,68.5,71.5,85.9,1070,22.7,46
091903002,38.5,30,66.7,.,.,.
091903003,.,.,.,.,.,.
091903041,.,.,.,.,.,.
091903102,.,.,.,.,.,.
091903103,.,.,.,.,.,.
091903104,.,.,.,.,.,.
091903107,.,.,.,.,.,.
091903112,.,.,.,.,.,.
091903113,.,.,.,.,.,.
091903114,.,.,.,.,.,.
091905001,69.4,73.9,89.9,1122,20.8,80.8
091905041,.,.,.,.,.,.
091905101,.,.,.,.,.,.
091906002,73.6,76.2,89.8,1046,21.7,56.5
091906004,.,.,.,.,.,.
091906035,.,.,.,.,.,.
091906037,66.7,60,.,.,.,0
091906042,.,.,.,.,.,.
091906101,.,.,.,.,.,.
091906102,.,.,.,.,.,.
091906104,.,.,.,.,.,.
091906105,.,.,.,.,.,.
091906106,.,.,.,.,.,.
091906107,.,.,.,.,.,.
091906108,.,.,.,.,.,.
091906109,.,.,.,.,.,.
091907101,.,.,.,.,.,.
091908001,64.4,64.3,92.1,1056,23,55.7
091908041,.,.,.,.,.,.
091908101,.,.,.,.,.,.
091909001,77.9,80.7,90.8,.,20.9,66.7
091909041,.,.,.,.,.,.
091909101,.,.,.,.,.,.
091910001,61.2,68.3,78.8,909,20.3,57.5
091910041,.,.,.,.,.,.
091910101,.,.,.,.,.,.
091913001,71.6,75.6,93.5,1013,21.5,45.7
091913041,.,.,.,.,.,.
091913101,.,.,.,.,.,.
091914001,46.9,52.5,74.2,988,21.1,63.6
091914041,.,.,.,.,.,.
091914101,.,.,.,.,.,.
091917001,98,98,97.9,1084,21.3,72.3
091917041,.,.,.,.,.,.
091917101,.,.,.,.,.,.
091918001,67.5,67.1,94.4,1041,20.8,66.7
091918041,.,.,.,.,.,.
091918101,.,.,.,.,.,.
092801001,16.7,0,66.7,.,.,2.5
092801002,0,.,.,.,.,.
092901001,57.6,58.3,86.4,932,22.3,53.7
092901042,.,.,.,.,.,.
092901102,.,.,.,.,.,.
092901104,.,.,.,.,.,.
092901105,.,.,.,.,.,.
092902002,53.2,53.5,90.5,999,19.8,48.1
092902003,.,.,.,.,.,0
092902004,.,.,.,.,.,.
092902042,.,.,.,.,.,.
092902101,.,.,.,.,.,.
092902106,.,.,.,.,.,.
092902107,.,.,.,.,.,.
092903001,55.8,61.9,75.8,1014,19.5,64.3
092903041,.,.,.,.,.,.
092903042,.,.,.,.,.,.
092903043,.,.,.,.,.,.
092903101,.,.,.,.,.,.
092903103,.,.,.,.,.,.
092903105,.,.,.,.,.,.
092903106,.,.,.,.,.,.
092903107,.,.,.,.,.,.
092903108,.,.,.,.,.,.
092903112,.,.,.,.,.,.
092903113,.,.,.,.,.,.
092903114,.,.,.,.,.,.
092903116,.,.,.,.,.,.
092903117,.,.,.,.,.,.
092903118,.,.,.,.,.,.
092903200,.,.,.,.,.,.
092903201,.,.,.,.,.,.
092904001,.,.,.,1046,21.4,78.2
092904041,79.8,81.8,92.1,.,.,.
092904042,.,.,.,.,.,.
092904043,.,.,.,.,.,.
092904101,.,.,.,.,.,.
092904102,.,.,.,.,.,.
092904103,.,.,.,.,.,.
092906002,69.6,73.9,87.4,1028,22.4,34.7
092906003,.,.,.,.,.,.
092906041,.,.,.,.,.,.
092906102,.,.,.,.,.,.
092907001,59.7,58.5,89.7,1023,21.4,77.2
092907042,.,.,.,.,.,.
092907101,.,.,.,.,.,.
092907102,.,.,.,.,.,.
092907103,.,.,.,.,.,.
092908001,79.6,81.2,93.8,1053,20.9,72.8
092908041,.,.,.,.,.,.
092908102,.,.,.,.,.,.
092908103,.,.,.,.,.,.
093901001,73.7,76.5,91.2,895,18.9,60.4
093901101,.,.,.,.,.,.
093903001,57.7,54.2,92,1044,18.8,51.2
093903101,.,.,.,.,.,.
093904002,56.9,59.9,74.3,971,19.8,44.4
093904003,.,.,.,.,.,0
093904004,.,.,.,.,.,.
093904041,.,.,.,.,.,.
093904042,.,.,.,.,.,.
093904104,.,.,.,.,.,.
093904105,.,.,.,.,.,.
093905001,41.7,66.7,75,.,.,57.1
093905101,.,.,.,.,.,.
094901001,65.1,70.5,83.2,966,18.8,58.2
094901002,.,.,.,.,.,0
094901041,.,.,.,.,.,.
094901042,.,.,.,.,.,.
094901101,.,.,.,.,.,.
094901102,.,.,.,.,.,.
094901103,.,.,.,.,.,.
094901104,.,.,.,.,.,.
094901105,.,.,.,.,.,.
094901106,.,.,.,.,.,.
094901108,.,.,.,.,.,.
094901109,.,.,.,.,.,.
094901110,.,.,.,.,.,.
094901111,.,.,.,.,.,.
094901112,.,.,.,.,.,.
094902001,74.1,76.1,92.6,991,20.7,65
094902002,.,.,.,.,.,0
094902041,.,.,.,.,.,.
094902042,.,.,.,.,.,.
094902101,.,.,.,.,.,.
094902102,.,.,.,.,.,.
094902103,.,.,.,.,.,.
094902106,.,.,.,.,.,.
094902108,.,.,.,.,.,.
094902109,.,.,.,.,.,.
094902110,.,.,.,.,.,.
094903001,71.3,73.4,89.5,993,20.4,87.1
094903041,.,.,.,.,.,.
094903101,.,.,.,.,.,.
094904001,73.8,77.6,85.4,1011,19.8,70.6
094904041,.,.,.,.,.,.
094904101,.,.,.,.,.,.
095901001,72.7,74.1,90.2,1018,20.3,76.1
095901041,.,.,.,.,.,.
095901101,.,.,.,.,.,.
095902001,63.6,70,90.9,.,19.8,68.4
095903001,33.3,30.2,77.3,.,19.3,61.3
095903002,.,.,.,.,.,.
095903102,.,.,.,.,.,.
095903103,.,.,.,.,.,.
095904001,72,76,88,.,20.4,76.2
095904002,.,.,.,.,.,.
095904101,.,.,.,.,.,.
095905001,51,52.9,77.9,976,20,45.9
095905002,.,.,.,.,.,5
095905004,.,.,.,.,.,.
095905041,.,.,.,.,.,.
095905042,.,.,.,.,.,.
095905101,.,.,.,.,.,.
095905102,.,.,.,.,.,.
095905103,.,.,.,.,.,.
095905105,.,.,.,.,.,.
095905106,.,.,.,.,.,.
095905107,.,.,.,.,.,.
095905108,.,.,.,.,.,.
095905109,.,.,.,.,.,.
096904001,47.6,47.4,65,.,19.9,76.5
096904041,.,.,.,.,.,.
096904101,.,.,.,.,.,.
096904103,.,.,.,.,.,.
096905001,72.7,81.8,81.8,.,22.6,73.3
097902001,65.6,75,83.1,.,20.6,92.4
097902041,.,.,.,.,.,.
097902102,.,.,.,.,.,.
097903001,70.2,75,86.4,912,20.1,52.5
097903041,.,.,.,.,.,.
097903101,.,.,.,.,.,.
098901001,74.4,76.7,85,.,21.5,71.4
098901041,.,.,.,.,.,.
098901101,.,.,.,.,.,.
098903101,.,.,.,.,.,.
098904001,62.1,71.4,82.1,.,20.4,61.5
098904041,.,.,.,.,.,.
098904101,.,.,.,.,.,.
099902001,100,100,100,.,17.2,29.4
099902101,.,.,.,.,.,.
099903001,76.3,75,100,.,18.2,86
099903041,.,.,.,.,.,.
099903102,.,.,.,.,.,.
100903002,77.8,77.5,93.3,842,17.3,64.2
100903003,.,.,.,.,.,.
100903041,.,.,.,.,.,.
100903101,.,.,.,.,.,.
100904001,75.2,80.5,83.7,918,19.8,60.3
100904041,.,.,.,.,.,.
100904101,.,.,.,.,.,.
100904102,.,.,.,.,.,.
100904103,.,.,.,.,.,.
100904104,.,.,.,.,.,.
100905001,77.7,80.3,92.4,987,19.9,77.5
100905002,.,.,.,.,.,.
100905004,.,.,.,.,.,.
100905041,.,.,.,.,.,.
100905102,.,.,.,.,.,.
100905105,.,.,.,.,.,.
100907001,76.4,80.6,88.9,943,20.1,67.2
100907003,.,.,.,.,.,.
100907041,.,.,.,.,.,.
100907101,.,.,.,.,.,.
100907102,.,.,.,.,.,.
100907103,.,.,.,.,.,.
100908001,47.8,46.7,91.1,854,17.3,55
100908003,.,.,.,.,.,.
100908041,.,.,.,.,.,.
100908101,.,.,.,.,.,.
101801102,.,.,.,.,.,.
101802101,.,.,.,.,.,.
101803041,30,30,100,.,.,33.3
101803101,.,.,.,.,.,.
101804001,33,30.2,67.5,771,.,16.9
101805001,21.7,21.1,65.2,842,.,.
101805101,.,.,.,.,.,.
101806001,25,27.6,65,.,.,3.3
101806101,.,.,.,.,.,.
101807101,.,.,.,.,.,.
101808101,.,.,.,.,.,.
101809001,22.2,0,55.6,.,.,0
101809101,.,.,.,.,.,.
101810002,.,.,.,.,.,.
101811001,14.3,.,.,.,.,.
101811002,28.6,.,16.7,.,.,.
101811003,56.3,25,84.6,.,.,.
101811004,40,10,92.3,.,.,.
101811005,.,.,.,.,.,.
101811006,72.2,55.6,85.7,.,.,.
101812001,27.3,0,70,695,.,7.3
101813001,.,.,.,.,.,.
101813101,.,.,.,.,.,.
101814101,.,.,.,.,.,.
101815101,.,.,.,.,.,.
101817001,24.7,6.5,53.5,.,.,0
101818001,34.9,30.6,71.4,.,.,0
101819001,.,.,.,.,.,.
101820001,17.6,20,64.3,.,.,0
101821001,33.3,25.9,73.5,.,.,0
101822001,.,.,.,.,.,.
101823101,.,.,.,.,.,.
101827001,18.2,10,88.9,.,.,0
101828101,.,.,.,.,.,.
101829101,.,.,.,.,.,.
101830101,.,.,.,.,.,.
101831001,15.4,0,62.5,.,.,0
101833101,.,.,.,.,.,.
101834001,17.9,9.7,46.7,.,.,5.1
101835101,.,.,.,.,.,.
101837001,80,80,100,.,.,4.5
101837041,.,.,.,.,.,.
101838001,47.2,52.3,75,.,.,4.3
101838004,.,.,.,.,.,.
101838009,.,.,.,.,.,.
101840101,.,.,.,.,.,.
101841101,.,.,.,.,.,.
101842001,.,.,.,.,.,0
101843001,38.9,28.9,70.4,.,.,0.6
101843002,.,.,.,.,.,0
101843003,.,.,.,.,.,0
101843004,.,.,.,.,.,0
101843005,.,.,.,.,.,0
101845001,95.5,96.8,98.4,.,.,0
101846001,89.8,93.9,91.7,.,.,.
101847101,.,.,.,.,.,.
101848101,.,.,.,.,.,.
101848102,.,.,.,.,.,.
101849041,.,.,.,.,.,.
101850101,.,.,.,.,.,.
101851001,.,.,.,.,.,.
101852001,14.3,14.3,68.4,.,.,.
101853101,.,.,.,.,.,.
101902001,22.4,19.6,45.7,859,16.8,41.6
101902002,77.1,81.7,89.2,936,18.1,62.7
101902003,35.7,39.8,66,853,19.2,52.8
101902004,34.3,37.9,64.4,864,17.7,58.1
101902005,19.8,28.2,52.6,910,18.4,56.2
101902006,33.3,37.5,77.8,.,.,1.8
101902041,.,.,.,.,.,.
101902042,.,.,.,.,.,.
101902043,.,.,.,.,.,.
101902044,.,.,.,.,.,.
101902045,.,.,.,.,.,.
101902046,.,.,.,.,.,.
101902047,.,.,.,.,.,.
101902048,.,.,.,.,.,.
101902061,.,.,.,.,.,.
101902063,.,.,.,.,.,.
101902064,.,.,.,.,.,.
101902065,.,.,.,.,.,.
101902066,.,.,.,.,.,.
101902067,.,.,.,.,.,.
101902068,.,.,.,.,.,.
101902069,.,.,.,.,.,.
101902081,73.8,76.2,92,.,.,.
101902083,72,77,88,.,.,.
101902084,62.2,66.6,84.8,.,.,.
101902085,72.7,77.1,89.4,.,.,.
101902099,.,.,.,.,.,.
101902101,.,.,.,.,.,.
101902102,.,.,.,.,.,.
101902103,.,.,.,.,.,.
101902104,.,.,.,.,.,.
101902105,.,.,.,.,.,.
101902106,.,.,.,.,.,.
101902107,.,.,.,.,.,.
101902108,.,.,.,.,.,.
101902109,.,.,.,.,.,.
101902110,.,.,.,.,.,.
101902111,.,.,.,.,.,.
101902112,.,.,.,.,.,.
101902113,.,.,.,.,.,.
101902114,.,.,.,.,.,.
101902115,.,.,.,.,.,.
101902116,.,.,.,.,.,.
101902117,.,.,.,.,.,.
101902118,.,.,.,.,.,.
101902119,.,.,.,.,.,.
101902120,.,.,.,.,.,.
101902121,.,.,.,.,.,.
101902122,.,.,.,.,.,.
101902123,.,.,.,.,.,.
101902124,.,.,.,.,.,.
101902125,.,.,.,.,.,.
101902126,.,.,.,.,.,.
101902127,.,.,.,.,.,.
101902128,.,.,.,.,.,.
101902129,.,.,.,.,.,.
101902151,.,.,.,.,.,.
101902153,.,.,.,.,.,.
101902154,.,.,.,.,.,.
101902155,.,.,.,.,.,.
101902303,.,.,.,.,.,.
101903001,56.8,60.1,80.4,932,18.2,65.5
101903002,48.7,50.6,78.1,912,18.3,67.1
101903003,47.2,49,78.6,.,.,.
101903006,87.9,88.3,98.6,1023,20.1,82.4
101903041,.,.,.,.,.,.
101903042,.,.,.,.,.,.
101903043,.,.,.,.,.,.
101903044,.,.,.,.,.,.
101903045,.,.,.,.,.,.
101903046,.,.,.,.,.,.
101903047,.,.,.,.,.,.
101903101,.,.,.,.,.,.
101903102,.,.,.,.,.,.
101903103,.,.,.,.,.,.
101903104,.,.,.,.,.,.
101903105,.,.,.,.,.,.
101903106,.,.,.,.,.,.
101903107,.,.,.,.,.,.
101903108,.,.,.,.,.,.
101903109,.,.,.,.,.,.
101903110,.,.,.,.,.,.
101903111,.,.,.,.,.,.
101903112,.,.,.,.,.,.
101903113,.,.,.,.,.,.
101903114,.,.,.,.,.,.
101903115,.,.,.,.,.,.
101903116,.,.,.,.,.,.
101903117,.,.,.,.,.,.
101903118,.,.,.,.,.,.
101903119,.,.,.,.,.,.
101903120,.,.,.,.,.,.
101903121,.,.,.,.,.,.
101903122,.,.,.,.,.,.
101903140,.,.,.,.,.,.
101903141,.,.,.,.,.,.
101903142,.,.,.,.,.,.
101903143,.,.,.,.,.,.
101903144,.,.,.,.,.,.
101903199,.,.,.,.,.,.
101905001,48.2,49.6,77.7,919,20.1,49.6
101905005,29,20,62.1,.,.,0
101905006,.,.,.,.,.,.
101905007,.,.,.,.,.,.
101905041,.,.,.,.,.,.
101905042,.,.,.,.,.,.
101905101,.,.,.,.,.,.
101905102,.,.,.,.,.,.
101905103,.,.,.,.,.,.
101905104,.,.,.,.,.,.
101905105,.,.,.,.,.,.
101906001,64.7,67.9,88.2,1008,19.6,58.9
101906042,.,.,.,.,.,.
101906101,.,.,.,.,.,.
101906102,.,.,.,.,.,.
101906103,.,.,.,.,.,.
101906104,.,.,.,.,.,.
101907002,92.6,94.2,96.9,1021,21.4,85.8
101907003,75.6,77.8,92.3,1017,20.7,74.8
101907004,85,86.1,94.9,1057,21.7,84.5
101907005,81.6,85,91.7,1060,21.9,83.3
101907007,84.4,87.6,92.5,996,20.5,77.4
101907008,.,.,.,934,18.4,16.4
101907009,72.6,77,88,978,20.3,73.7
101907010,72.8,76.1,88.6,.,.,.
101907037,.,.,.,.,.,.
101907040,.,.,.,.,.,.
101907041,.,.,.,.,.,.
101907042,.,.,.,.,.,.
101907043,.,.,.,.,.,.
101907044,.,.,.,.,.,.
101907045,.,.,.,.,.,.
101907046,.,.,.,.,.,.
101907047,.,.,.,.,.,.
101907048,.,.,.,.,.,.
101907049,.,.,.,.,.,.
101907050,.,.,.,.,.,.
101907051,.,.,.,.,.,.
101907052,.,.,.,.,.,.
101907060,.,.,.,.,.,.
101907101,.,.,.,.,.,.
101907103,.,.,.,.,.,.
101907104,.,.,.,.,.,.
101907105,.,.,.,.,.,.
101907106,.,.,.,.,.,.
101907107,.,.,.,.,.,.
101907108,.,.,.,.,.,.
101907109,.,.,.,.,.,.
101907110,.,.,.,.,.,.
101907111,.,.,.,.,.,.
101907112,.,.,.,.,.,.
101907113,.,.,.,.,.,.
101907115,.,.,.,.,.,.
101907116,.,.,.,.,.,.
101907117,.,.,.,.,.,.
101907118,.,.,.,.,.,.
101907119,.,.,.,.,.,.
101907120,.,.,.,.,.,.
101907121,.,.,.,.,.,.
101907122,.,.,.,.,.,.
101907124,.,.,.,.,.,.
101907125,.,.,.,.,.,.
101907126,.,.,.,.,.,.
101907127,.,.,.,.,.,.
101907128,.,.,.,.,.,.
101907129,.,.,.,.,.,.
101907130,.,.,.,.,.,.
101907131,.,.,.,.,.,.
101907132,.,.,.,.,.,.
101907133,.,.,.,.,.,.
101907134,.,.,.,.,.,.
101907135,.,.,.,.,.,.
101907136,.,.,.,.,.,.
101907137,.,.,.,.,.,.
101907138,.,.,.,.,.,.
101908001,84.3,88.3,91.8,1025,21,54.6
101908005,54.5,57.1,75,.,.,0
101908006,.,.,.,.,.,.
101908041,.,.,.,.,.,.
101908042,.,.,.,.,.,.
101908043,.,.,.,.,.,.
101908044,.,.,.,.,.,.
101908101,.,.,.,.,.,.
101908102,.,.,.,.,.,.
101908104,.,.,.,.,.,.
101908105,.,.,.,.,.,.
101908106,.,.,.,.,.,.
101908107,.,.,.,.,.,.
101908108,.,.,.,.,.,.
101909002,31.6,32.5,61.6,744,15.6,42.8
101909003,21.9,21.9,50,706,15.5,53.8
101909007,.,.,.,.,.,.
101909008,.,.,.,.,.,.
101909011,71.4,.,71.4,.,.,.
101909041,.,.,.,.,.,.
101909043,.,.,.,.,.,.
101909044,.,.,.,.,.,.
101909101,.,.,.,.,.,.
101909102,.,.,.,.,.,.
101909103,.,.,.,.,.,.
101909104,.,.,.,.,.,.
101909105,.,.,.,.,.,.
101909106,.,.,.,.,.,.
101909108,.,.,.,.,.,.
101909109,.,.,.,.,.,.
101909110,.,.,.,.,.,.
101910002,57.9,67.4,76,819,17.5,42.2
101910003,62.1,66.5,83.9,919,17.5,.
101910004,.,.,.,.,.,0
101910005,.,.,.,.,.,0
101910006,.,.,.,.,.,.
101910008,.,.,.,.,.,.
101910041,.,.,.,.,.,.
101910042,.,.,.,.,.,.
101910043,.,.,.,.,.,.
101910044,.,.,.,.,.,.
101910045,.,.,.,.,.,.
101910101,.,.,.,.,.,.
101910102,.,.,.,.,.,.
101910104,.,.,.,.,.,.
101910105,.,.,.,.,.,.
101910106,.,.,.,.,.,.
101910107,.,.,.,.,.,.
101910108,.,.,.,.,.,.
101910109,.,.,.,.,.,.
101910110,.,.,.,.,.,.
101910111,.,.,.,.,.,.
101910112,.,.,.,.,.,.
101910113,.,.,.,.,.,.
101911002,50.3,51.6,80.1,918,18.3,42.5
101911003,61.4,64.4,82.6,1003,19.7,49.5
101911005,80,.,.,.,.,9.5
101911006,.,.,.,.,.,.
101911010,.,.,.,.,.,0
101911041,.,.,.,.,.,.
101911043,.,.,.,.,.,.
101911044,.,.,.,.,.,.
101911045,.,.,.,.,.,.
101911046,.,.,.,.,.,.
101911101,.,.,.,.,.,.
101911102,.,.,.,.,.,.
101911103,.,.,.,.,.,.
101911105,.,.,.,.,.,.
101911107,.,.,.,.,.,.
101911108,.,.,.,.,.,.
101911111,.,.,.,.,.,.
101911112,.,.,.,.,.,.
101911113,.,.,.,.,.,.
101911114,.,.,.,.,.,.
101911115,.,.,.,.,.,.
101911116,.,.,.,.,.,.
101911117,.,.,.,.,.,.
101911118,.,.,.,.,.,.
101911120,.,.,.,.,.,.
101912001,39.9,46,64.1,786,16.3,76.2
101912002,75.6,77.9,89.3,1165,22.4,89
101912003,43,46.9,70.4,816,14.6,52.5
101912004,34.7,34.7,73.1,769,16.3,42.5
101912005,35.5,38.2,70,795,16.6,40.3
101912006,28.3,28.4,61.1,890,17.5,62.1
101912007,17.3,18.1,60.3,788,16.3,54.6
101912008,69.5,72.6,88,1055,20.5,87.3
101912009,33.2,35,59.7,808,18.3,47.7
101912010,47.9,50.1,80.9,810,16.8,58.4
101912011,51.7,60,71,855,16.1,51.5
101912012,41.5,41.3,74.4,861,16.8,40.9
101912013,.,.,.,.,.,.
101912014,28.6,33,65.7,816,15.3,58.2
101912015,49.3,51.1,76.9,919,19.2,62
101912016,49.9,51.5,77.1,942,18.1,71.4
101912017,37.8,39,73.6,856,18.2,72.1
101912018,33.6,36.5,60.8,702,13.6,34.7
101912019,32.3,30.7,76.1,800,15.3,66.8
101912020,28.6,26.4,68.8,750,15.1,64.2
101912023,30.8,30.5,66.6,869,17.3,64.9
101912024,37.1,39.6,72,887,19,46.4
101912025,92.2,93.3,97.7,1151,22.3,98.1
101912026,99.5,99.5,100,1149,24.6,98.7
101912027,42.9,45.8,73,.,15.6,8.9
101912029,22.4,17,52,805,15.6,15.8
101912030,56.3,45.5,91.7,724,.,26.3
101912032,24.2,5.3,45.2,.,.,.
101912033,54.6,58.4,81.1,845,16.5,50
101912034,80.1,82.8,93.7,926,19,80.6
101912036,60.7,64.8,81.5,991,19.5,83.1
101912038,0,0,16.7,.,.,30.8
101912039,.,.,.,.,.,.
101912041,.,.,.,.,.,.
101912042,.,.,.,.,.,.
101912043,.,.,.,.,.,.
101912044,.,.,.,.,.,.
101912045,.,.,.,.,.,.
101912046,.,.,.,.,.,.
101912047,.,.,.,.,.,.
101912048,.,.,.,.,.,.
101912049,.,.,.,.,.,.
101912050,.,.,.,.,.,.
101912051,.,.,.,.,.,.
101912052,.,.,.,.,.,.
101912053,.,.,.,.,.,.
101912054,.,.,.,.,.,.
101912055,.,.,.,.,.,.
101912056,.,.,.,.,.,.
101912057,.,.,.,.,.,.
101912058,.,.,.,.,.,.
101912059,.,.,.,.,.,.
101912060,.,.,.,.,.,.
101912061,.,.,.,.,.,.
101912062,.,.,.,.,.,.
101912064,.,.,.,.,.,.
101912066,.,.,.,.,.,.
101912067,.,.,.,.,.,.
101912068,.,.,.,.,.,.
101912069,.,.,.,.,.,.
101912070,.,.,.,.,.,.
101912071,.,.,.,.,.,.
101912072,.,.,.,.,.,.
101912074,.,.,.,.,.,.
101912075,.,.,.,.,.,.
101912077,.,.,.,.,.,.
101912078,.,.,.,.,.,.
101912079,.,.,.,.,.,.
101912080,.,.,.,.,.,.
101912081,.,.,.,.,.,.
101912082,.,.,.,.,.,.
101912084,58.2,57.9,89.5,858,.,62.5
101912093,.,.,.,.,.,.
101912094,.,.,.,.,.,.
101912096,21.7,27.2,58.2,.,.,.
101912097,.,.,.,.,.,.
101912098,.,.,.,.,.,.
101912099,.,.,.,.,.,.
101912102,.,.,.,.,.,.
101912103,.,.,.,.,.,.
101912104,.,.,.,.,.,.
101912105,.,.,.,.,.,.
101912106,.,.,.,.,.,.
101912107,.,.,.,.,.,.
101912108,.,.,.,.,.,.
101912109,.,.,.,.,.,.
101912110,.,.,.,.,.,.
101912111,.,.,.,.,.,.
101912112,.,.,.,.,.,.
101912113,.,.,.,.,.,.
101912114,.,.,.,.,.,.
101912115,.,.,.,.,.,.
101912116,.,.,.,.,.,.
101912117,.,.,.,.,.,.
101912118,.,.,.,.,.,.
101912119,.,.,.,.,.,.
101912120,.,.,.,.,.,.
101912121,.,.,.,.,.,.
101912122,.,.,.,.,.,.
101912123,.,.,.,.,.,.
101912124,.,.,.,.,.,.
101912125,.,.,.,.,.,.
101912127,.,.,.,.,.,.
101912128,.,.,.,.,.,.
101912129,.,.,.,.,.,.
101912130,.,.,.,.,.,.
101912131,.,.,.,.,.,.
101912132,.,.,.,.,.,.
101912133,.,.,.,.,.,.
101912134,.,.,.,.,.,.
101912135,.,.,.,.,.,.
101912136,.,.,.,.,.,.
101912137,.,.,.,.,.,.
101912138,.,.,.,.,.,.
101912139,.,.,.,.,.,.
101912140,.,.,.,.,.,.
101912141,.,.,.,.,.,.
101912143,.,.,.,.,.,.
101912144,.,.,.,.,.,.
101912145,.,.,.,.,.,.
101912146,.,.,.,.,.,.
101912147,.,.,.,.,.,.
101912148,.,.,.,.,.,.
101912149,.,.,.,.,.,.
101912150,.,.,.,.,.,.
101912151,.,.,.,.,.,.
101912152,.,.,.,.,.,.
101912153,.,.,.,.,.,.
101912154,.,.,.,.,.,.
101912155,.,.,.,.,.,.
101912156,.,.,.,.,.,.
101912157,.,.,.,.,.,.
101912158,.,.,.,.,.,.
101912159,.,.,.,.,.,.
101912160,.,.,.,.,.,.
101912162,.,.,.,.,.,.
101912163,.,.,.,.,.,.
101912164,.,.,.,.,.,.
101912166,.,.,.,.,.,.
101912167,.,.,.,.,.,.
101912168,.,.,.,.,.,.
101912169,.,.,.,.,.,.
101912170,.,.,.,.,.,.
101912171,.,.,.,.,.,.
101912172,.,.,.,.,.,.
101912173,.,.,.,.,.,.
101912174,.,.,.,.,.,.
101912175,.,.,.,.,.,.
101912176,.,.,.,.,.,.
101912177,.,.,.,.,.,.
101912178,.,.,.,.,.,.
101912179,.,.,.,.,.,.
101912180,.,.,.,.,.,.
101912181,.,.,.,.,.,.
101912182,.,.,.,.,.,.
101912183,.,.,.,.,.,.
101912184,.,.,.,.,.,.
101912185,.,.,.,.,.,.
101912186,.,.,.,.,.,.
101912187,.,.,.,.,.,.
101912188,.,.,.,.,.,.
101912189,.,.,.,.,.,.
101912191,.,.,.,.,.,.
101912192,.,.,.,.,.,.
101912194,.,.,.,.,.,.
101912195,.,.,.,.,.,.
101912196,.,.,.,.,.,.
101912197,.,.,.,.,.,.
101912198,.,.,.,.,.,.
101912199,.,.,.,.,.,.
101912201,.,.,.,.,.,.
101912202,.,.,.,.,.,.
101912203,.,.,.,.,.,.
101912204,.,.,.,.,.,.
101912205,.,.,.,.,.,.
101912207,.,.,.,.,.,.
101912209,.,.,.,.,.,.
101912210,.,.,.,.,.,.
101912211,.,.,.,.,.,.
101912212,.,.,.,.,.,.
101912213,.,.,.,.,.,.
101912214,.,.,.,.,.,.
101912215,.,.,.,.,.,.
101912216,.,.,.,.,.,.
101912217,.,.,.,.,.,.
101912218,.,.,.,.,.,.
101912219,.,.,.,.,.,.
101912220,.,.,.,.,.,.
101912221,.,.,.,.,.,.
101912222,.,.,.,.,.,.
101912223,.,.,.,.,.,.
101912224,.,.,.,.,.,.
101912225,.,.,.,.,.,.
101912226,.,.,.,.,.,.
101912227,.,.,.,.,.,.
101912228,.,.,.,.,.,.
101912229,.,.,.,.,.,.
101912230,.,.,.,.,.,.
101912231,.,.,.,.,.,.
101912232,.,.,.,.,.,.
101912233,.,.,.,.,.,.
101912234,.,.,.,.,.,.
101912235,.,.,.,.,.,.
101912236,.,.,.,.,.,.
101912237,.,.,.,.,.,.
101912238,.,.,.,.,.,.
101912239,.,.,.,.,.,.
101912240,.,.,.,.,.,.
101912241,.,.,.,.,.,.
101912242,.,.,.,.,.,.
101912243,.,.,.,.,.,.
101912244,.,.,.,.,.,.
101912245,.,.,.,.,.,.
101912246,.,.,.,.,.,.
101912247,.,.,.,.,.,.
101912248,.,.,.,.,.,.
101912249,.,.,.,.,.,.
101912250,.,.,.,.,.,.
101912251,.,.,.,.,.,.
101912252,.,.,.,.,.,.
101912253,.,.,.,.,.,.
101912254,.,.,.,.,.,.
101912255,.,.,.,.,.,.
101912256,.,.,.,.,.,.
101912257,.,.,.,.,.,.
101912258,.,.,.,.,.,.
101912259,.,.,.,.,.,.
101912260,.,.,.,.,.,.
101912261,.,.,.,.,.,.
101912262,.,.,.,.,.,.
101912263,.,.,.,.,.,.
101912264,.,.,.,.,.,.
101912265,.,.,.,.,.,.
101912266,.,.,.,.,.,.
101912267,.,.,.,.,.,.
101912268,.,.,.,.,.,.
101912269,.,.,.,.,.,.
101912270,.,.,.,.,.,.
101912271,.,.,.,.,.,.
101912272,.,.,.,.,.,.
101912273,.,.,.,.,.,.
101912274,.,.,.,.,.,.
101912275,.,.,.,.,.,.
101912276,.,.,.,.,.,.
101912277,.,.,.,.,.,.
101912279,.,.,.,.,.,.
101912280,.,.,.,.,.,.
101912281,.,.,.,.,.,.
101912282,.,.,.,.,.,.
101912283,.,.,.,.,.,.
101912284,.,.,.,.,.,.
101912285,.,.,.,.,.,.
101912286,.,.,.,.,.,.
101912287,.,.,.,.,.,.
101912289,.,.,.,.,.,.
101912290,.,.,.,.,.,.
101912291,.,.,.,.,.,.
101912292,.,.,.,.,.,.
101912294,.,.,.,.,.,.
101912295,.,.,.,.,.,.
101912296,.,.,.,.,.,.
101912297,.,.,.,.,.,.
101912298,.,.,.,.,.,.
101912299,.,.,.,.,.,.
101912301,65.2,69.1,87,767,.,11.8
101912303,.,.,.,.,.,.
101912316,.,.,.,.,.,.
101912318,9.1,0,40,.,.,0
101912319,37.5,37.5,80,.,.,.
101912320,.,.,.,.,.,.
101912322,89.1,89.1,100,.,.,.
101912332,.,.,.,.,.,.
101912334,.,.,.,.,.,.
101912335,.,.,.,.,.,.
101912337,.,.,.,.,.,.
101912338,.,.,.,.,.,.
101912340,.,.,.,.,.,.
101912341,16.3,10.3,45.9,.,.,0
101912342,.,.,.,.,.,.
101912343,.,.,.,.,.,.
101912344,.,.,.,.,.,.
101912346,.,.,.,.,.,.
101912360,.,.,.,.,.,.
101912361,.,.,.,.,.,.
101912364,.,.,.,.,.,.
101912366,.,.,.,.,.,.
101912368,.,.,.,.,.,.
101912369,.,.,.,.,.,.
101912370,.,.,.,.,.,.
101912371,.,.,.,.,.,.
101912372,.,.,.,.,.,.
101912373,.,.,.,.,.,.
101912374,.,.,.,.,.,.
101912375,.,.,.,.,.,.
101912376,.,.,.,.,.,.
101912377,.,.,.,.,.,.
101912378,.,.,.,.,.,.
101912385,.,.,.,.,.,.
101912386,.,.,.,.,.,.
101912388,.,.,.,.,.,.
101912389,.,.,.,.,.,.
101912391,.,.,.,.,.,.
101912392,.,.,.,.,.,.
101912393,.,.,.,.,.,.
101913001,69.5,72.6,88,983,19.8,69.2
101913002,85.4,86.3,97.9,1098,22.6,90.7
101913005,67.7,67.2,100,1061,19.4,.
101913041,.,.,.,.,.,.
101913042,.,.,.,.,.,.
101913043,.,.,.,.,.,.
101913044,.,.,.,.,.,.
101913045,.,.,.,.,.,.
101913046,.,.,.,.,.,.
101913101,.,.,.,.,.,.
101913102,.,.,.,.,.,.
101913103,.,.,.,.,.,.
101913104,.,.,.,.,.,.
101913105,.,.,.,.,.,.
101913106,.,.,.,.,.,.
101913107,.,.,.,.,.,.
101913108,.,.,.,.,.,.
101913109,.,.,.,.,.,.
101913110,.,.,.,.,.,.
101913111,.,.,.,.,.,.
101913112,.,.,.,.,.,.
101913113,.,.,.,.,.,.
101913114,.,.,.,.,.,.
101913115,.,.,.,.,.,.
101913116,.,.,.,.,.,.
101913117,.,.,.,.,.,.
101913118,.,.,.,.,.,.
101913119,.,.,.,.,.,.
101913199,.,.,.,.,.,.
101914001,79.9,82.6,90.2,1066,22.3,79.5
101914002,90.5,93,95.4,1146,24.2,96.9
101914003,.,.,.,.,.,.
101914005,71.2,74.4,85.2,1051,21.3,71.8
101914006,.,.,.,.,.,.
101914007,93.4,95.6,96.2,.,23.3,51.6
101914033,.,.,.,.,.,.
101914041,.,.,.,.,.,.
101914042,.,.,.,.,.,.
101914043,.,.,.,.,.,.
101914044,.,.,.,.,.,.
101914045,.,.,.,.,.,.
101914046,.,.,.,.,.,.
101914047,.,.,.,.,.,.
101914048,.,.,.,.,.,.
101914101,.,.,.,.,.,.
101914102,.,.,.,.,.,.
101914103,.,.,.,.,.,.
101914104,.,.,.,.,.,.
101914105,.,.,.,.,.,.
101914106,.,.,.,.,.,.
101914107,.,.,.,.,.,.
101914108,.,.,.,.,.,.
101914109,.,.,.,.,.,.
101914110,.,.,.,.,.,.
101914111,.,.,.,.,.,.
101914112,.,.,.,.,.,.
101914113,.,.,.,.,.,.
101914114,.,.,.,.,.,.
101914115,.,.,.,.,.,.
101914116,.,.,.,.,.,.
101914117,.,.,.,.,.,.
101914118,.,.,.,.,.,.
101914119,.,.,.,.,.,.
101914120,.,.,.,.,.,.
101914121,.,.,.,.,.,.
101915001,89.7,91,96.5,1099,23.2,92.8
101915002,53.9,59.2,74.2,984,19.5,69.8
101915003,80.2,82.7,91.6,1065,22.1,74.7
101915004,78,78.9,94,.,.,.
101915037,.,.,.,.,.,.
101915039,.,.,.,.,.,.
101915041,.,.,.,.,.,.
101915042,.,.,.,.,.,.
101915043,.,.,.,.,.,.
101915044,.,.,.,.,.,.
101915045,.,.,.,.,.,.
101915046,.,.,.,.,.,.
101915047,.,.,.,.,.,.
101915101,.,.,.,.,.,.
101915102,.,.,.,.,.,.
101915103,.,.,.,.,.,.
101915104,.,.,.,.,.,.
101915105,.,.,.,.,.,.
101915106,.,.,.,.,.,.
101915107,.,.,.,.,.,.
101915108,.,.,.,.,.,.
101915109,.,.,.,.,.,.
101915110,.,.,.,.,.,.
101915111,.,.,.,.,.,.
101915112,.,.,.,.,.,.
101915113,.,.,.,.,.,.
101915114,.,.,.,.,.,.
101915115,.,.,.,.,.,.
101915116,.,.,.,.,.,.
101915117,.,.,.,.,.,.
101915118,.,.,.,.,.,.
101915119,.,.,.,.,.,.
101915120,.,.,.,.,.,.
101916001,66.1,73.3,81.8,994,19.8,47.3
101916002,33.3,30,70.6,.,.,0
101916009,.,.,.,.,.,.
101916041,.,.,.,.,.,.
101916042,.,.,.,.,.,.
101916043,.,.,.,.,.,.
101916101,.,.,.,.,.,.
101916103,.,.,.,.,.,.
101916104,.,.,.,.,.,.
101916105,.,.,.,.,.,.
101916106,.,.,.,.,.,.
101916107,.,.,.,.,.,.
101917001,45.9,51.6,74,963,19.5,25.2
101917002,62.3,68.4,79.3,977,20.9,39.7
101917003,49.7,52.6,77.2,930,19.4,31.4
101917004,68.4,72.4,86.9,992,19,51.9
101917007,57.9,46.2,92.3,.,.,5.9
101917010,.,.,.,.,.,.
101917012,.,.,.,.,.,.
101917041,.,.,.,.,.,.
101917042,.,.,.,.,.,.
101917043,.,.,.,.,.,.
101917044,.,.,.,.,.,.
101917045,.,.,.,.,.,.
101917046,.,.,.,.,.,.
101917047,.,.,.,.,.,.
101917048,.,.,.,.,.,.
101917049,.,.,.,.,.,.
101917050,.,.,.,.,.,.
101917051,.,.,.,.,.,.
101917054,.,.,.,.,.,.
101917101,.,.,.,.,.,.
101917102,.,.,.,.,.,.
101917103,.,.,.,.,.,.
101917104,.,.,.,.,.,.
101917105,.,.,.,.,.,.
101917106,.,.,.,.,.,.
101917107,.,.,.,.,.,.
101917108,.,.,.,.,.,.
101917109,.,.,.,.,.,.
101917110,.,.,.,.,.,.
101917111,.,.,.,.,.,.
101917112,.,.,.,.,.,.
101917113,.,.,.,.,.,.
101917114,.,.,.,.,.,.
101917115,.,.,.,.,.,.
101917116,.,.,.,.,.,.
101917117,.,.,.,.,.,.
101917118,.,.,.,.,.,.
101917119,.,.,.,.,.,.
101917120,.,.,.,.,.,.
101917122,.,.,.,.,.,.
101917123,.,.,.,.,.,.
101917124,.,.,.,.,.,.
101917125,.,.,.,.,.,.
101917126,.,.,.,.,.,.
101917127,.,.,.,.,.,.
101917128,.,.,.,.,.,.
101917129,.,.,.,.,.,.
101917130,.,.,.,.,.,.
101917131,.,.,.,.,.,.
101917132,.,.,.,.,.,.
101917133,.,.,.,.,.,.
101917134,.,.,.,.,.,.
101917136,.,.,.,.,.,.
101919001,68.8,73,84.3,1048,21.1,58.2
101919002,60.1,64.3,79.2,985,18.7,61.8
101919009,.,.,.,.,.,.
101919010,.,.,.,.,.,.
101919013,.,.,.,.,.,.
101919015,.,.,.,.,.,.
101919041,.,.,.,.,.,.
101919042,.,.,.,.,.,.
101919043,.,.,.,.,.,.
101919044,.,.,.,.,.,.
101919045,.,.,.,.,.,.
101919101,.,.,.,.,.,.
101919102,.,.,.,.,.,.
101919103,.,.,.,.,.,.
101919104,.,.,.,.,.,.
101919105,.,.,.,.,.,.
101919106,.,.,.,.,.,.
101919107,.,.,.,.,.,.
101919108,.,.,.,.,.,.
101919109,.,.,.,.,.,.
101919110,.,.,.,.,.,.
101919111,.,.,.,.,.,.
101919112,.,.,.,.,.,.
101919113,.,.,.,.,.,.
101919114,.,.,.,.,.,.
101919115,.,.,.,.,.,.
101920001,89.2,90.7,95.3,1153,24,.
101920003,79.8,84,90.5,977,20,59.9
101920005,54.5,62.3,72.4,869,19.2,42.3
101920006,88.1,91.2,94.5,1104,23.2,94.1
101920010,.,.,.,.,.,.
101920012,20.3,21.8,54.8,.,.,0
101920014,88,87.5,97.5,.,.,.
101920041,.,.,.,.,.,.
101920042,.,.,.,.,.,.
101920043,.,.,.,.,.,.
101920044,.,.,.,.,.,.
101920045,.,.,.,.,.,.
101920046,.,.,.,.,.,.
101920047,.,.,.,.,.,.
101920048,.,.,.,.,.,.
101920101,.,.,.,.,.,.
101920102,.,.,.,.,.,.
101920103,.,.,.,.,.,.
101920104,.,.,.,.,.,.
101920105,.,.,.,.,.,.
101920106,.,.,.,.,.,.
101920107,.,.,.,.,.,.
101920108,.,.,.,.,.,.
101920109,.,.,.,.,.,.
101920110,.,.,.,.,.,.
101920111,.,.,.,.,.,.
101920112,.,.,.,.,.,.
101920113,.,.,.,.,.,.
101920114,.,.,.,.,.,.
101920115,.,.,.,.,.,.
101920116,.,.,.,.,.,.
101920117,.,.,.,.,.,.
101920118,.,.,.,.,.,.
101920119,.,.,.,.,.,.
101920120,.,.,.,.,.,.
101920121,.,.,.,.,.,.
101920122,.,.,.,.,.,.
101920123,.,.,.,.,.,.
101920124,.,.,.,.,.,.
101920125,.,.,.,.,.,.
101920126,.,.,.,.,.,.
101920127,.,.,.,.,.,.
101920128,.,.,.,.,.,.
101920129,.,.,.,.,.,.
101920130,.,.,.,.,.,.
101920131,.,.,.,.,.,.
101920132,.,.,.,.,.,.
101921001,74.6,79.8,87,1037,22.1,73.8
101921003,.,.,.,.,.,.
101921042,.,.,.,.,.,.
101921102,.,.,.,.,.,.
101921103,.,.,.,.,.,.
101921105,.,.,.,.,.,.
101921106,.,.,.,.,.,.
101921107,.,.,.,.,.,.
101921108,.,.,.,.,.,.
101924001,57.4,59.8,79.4,871,19.1,55.9
101924009,.,.,.,.,.,.
101924041,.,.,.,.,.,.
101924101,.,.,.,.,.,.
101924102,.,.,.,.,.,.
101924104,.,.,.,.,.,.
101924106,.,.,.,.,.,.
101924107,.,.,.,.,.,.
101925001,61.8,63.5,88.7,916,19.7,47.2
101925003,.,.,.,.,.,.
101925041,.,.,.,.,.,.
101925101,.,.,.,.,.,.
101925102,.,.,.,.,.,.
102901002,45.8,45.8,82.6,.,15.8,94.1
102901103,.,.,.,.,.,.
102902001,56.4,60.5,83.3,992,19.3,67.9
102902002,80,.,80,.,.,0
102902005,.,.,.,.,.,.
102902041,.,.,.,.,.,.
102902042,.,.,.,.,.,.
102902043,.,.,.,.,.,.
102902101,.,.,.,.,.,.
102902103,.,.,.,.,.,.
102902106,.,.,.,.,.,.
102902107,.,.,.,.,.,.
102902108,.,.,.,.,.,.
102902110,.,.,.,.,.,.
102902116,.,.,.,.,.,.
102903002,66.7,65.2,93.5,.,18.9,82
102903041,.,.,.,.,.,.
102903103,.,.,.,.,.,.
102904002,66.8,70,81.6,970,20,73.3
102904003,.,.,.,.,.,.
102904041,.,.,.,.,.,.
102904102,.,.,.,.,.,.
102904104,.,.,.,.,.,.
102904105,.,.,.,.,.,.
102904107,.,.,.,.,.,.
102905001,72,71.4,87.2,973,19.8,73.5
102905041,.,.,.,.,.,.
102905101,.,.,.,.,.,.
102906001,71.1,77.5,86.7,.,19.1,93.2
102906041,.,.,.,.,.,.
102906101,.,.,.,.,.,.
103901001,87.5,100,87.5,.,.,55.6
103902001,55.6,50,100,.,17.9,72.7
104901001,48.7,50,83.8,1110,20.3,82.7
104901101,.,.,.,.,.,.
104902001,66.7,66.7,100,.,16.8,60
104903001,84.2,84.2,.,.,20.7,85.7
104907001,60,55.6,90,.,.,50
105801001,36.8,38.9,89.5,910,18.6,33.3
105801101,.,.,.,.,.,.
105802041,.,.,.,.,.,.
105902001,62.9,66.9,81.9,944,19.5,63.1
105902002,.,.,.,.,15.6,34.8
105902004,.,.,.,.,.,.
105902041,.,.,.,.,.,.
105902043,.,.,.,.,.,.
105902101,.,.,.,.,.,.
105902102,.,.,.,.,.,.
105902103,.,.,.,.,.,.
105902104,.,.,.,.,.,.
105902105,.,.,.,.,.,.
105902107,.,.,.,.,.,.
105904001,84.3,85.8,94.2,1070,22.5,96.1
105904041,.,.,.,.,.,.
105904101,.,.,.,.,.,.
105904102,.,.,.,.,.,.
105905001,85.5,87.4,95.7,1014,20.8,74.3
105905041,.,.,.,.,.,.
105905101,.,.,.,.,.,.
105905102,.,.,.,.,.,.
105906001,63.6,65.5,88,976,19.9,58.4
105906002,.,.,.,.,.,.
105906003,.,.,.,.,.,.
105906004,40,33.3,89.5,860,.,26.9
105906041,.,.,.,.,.,.
105906043,.,.,.,.,.,.
105906044,.,.,.,.,.,.
105906101,.,.,.,.,.,.
105906102,.,.,.,.,.,.
105906103,.,.,.,.,.,.
105906106,.,.,.,.,.,.
105906107,.,.,.,.,.,.
105906108,.,.,.,.,.,.
105906109,.,.,.,.,.,.
106901001,83.6,83,98.1,.,21.4,90
106901003,.,.,.,.,.,.
106901041,.,.,.,.,.,.
106901101,.,.,.,.,.,.
106901103,.,.,.,.,.,.
107901001,64.2,67.7,81,983,20.6,42.5
107901002,.,.,.,.,.,0
107901041,.,.,.,.,.,.
107901102,.,.,.,.,.,.
107901103,.,.,.,.,.,.
107901104,.,.,.,.,.,.
107901105,.,.,.,.,.,.
107901107,.,.,.,.,.,.
107902001,60.8,61.8,85.6,960,19.3,37.3
107902002,.,.,.,.,.,0
107902041,.,.,.,.,.,.
107902101,.,.,.,.,.,.
107902102,.,.,.,.,.,.
107902103,.,.,.,.,.,.
107902104,.,.,.,.,.,.
107904001,66,64.6,95.9,947,21.1,33.3
107904041,.,.,.,.,.,.
107904101,.,.,.,.,.,.
107905001,60.4,62.4,78.9,917,19.8,40.7
107905101,.,.,.,.,.,.
107905102,.,.,.,.,.,.
107905103,.,.,.,.,.,.
107906001,67.2,73.8,84.8,951,18.9,30.2
107906003,.,.,.,.,.,.
107906041,.,.,.,.,.,.
107906102,.,.,.,.,.,.
107907001,90,90,100,.,18.2,38.9
107907002,.,.,.,.,.,.
107908101,.,.,.,.,.,.
107910001,67.7,71.4,92.9,.,19.7,60
107910002,.,.,.,.,.,.
107910101,.,.,.,.,.,.
108801001,25,16.7,62.5,.,.,2.3
108801002,6.1,7.7,25,.,.,0
108801003,30.8,16.7,54.5,.,.,0
108802001,40,37.5,77.8,.,.,0
108804001,14.3,0,53.8,.,.,0
108804002,56.3,50,71.4,.,.,.
108805001,23.1,6.3,68.4,.,.,0
108806001,11.1,0,66.7,.,.,25
108807041,.,.,.,.,.,.
108808101,.,.,.,.,.,.
108902001,16.1,20.8,29.8,837,16.2,66.7
108902003,.,.,.,.,.,.
108902004,43,47.9,68,.,.,.
108902045,.,.,.,.,.,.
108902046,.,.,.,.,.,.
108902102,.,.,.,.,.,.
108902103,.,.,.,.,.,.
108902104,.,.,.,.,.,.
108902105,.,.,.,.,.,.
108902106,.,.,.,.,.,.
108902109,.,.,.,.,.,.
108902111,.,.,.,.,.,.
108902112,.,.,.,.,.,.
108902113,.,.,.,.,.,.
108902114,.,.,.,.,.,.
108902115,.,.,.,.,.,.
108903001,42,45.2,66.2,771,14.7,69.4
108903003,.,.,.,.,.,.
108903041,.,.,.,.,.,.
108903102,.,.,.,.,.,.
108903103,.,.,.,.,.,.
108903104,.,.,.,.,.,.
108903105,.,.,.,.,.,.
108903106,.,.,.,.,.,.
108904001,60.9,65.1,79.2,918,17.1,72.3
108904002,42.2,45.9,71.2,806,15.3,67.7
108904003,52.6,55.5,77.2,944,17.4,76
108904039,.,.,.,.,.,.
108904040,.,.,.,.,.,.
108904042,.,.,.,.,.,.
108904043,.,.,.,.,.,.
108904044,.,.,.,.,.,.
108904045,.,.,.,.,.,.
108904101,.,.,.,.,.,.
108904102,.,.,.,.,.,.
108904103,.,.,.,.,.,.
108904104,.,.,.,.,.,.
108904105,.,.,.,.,.,.
108904106,.,.,.,.,.,.
108904107,.,.,.,.,.,.
108904108,.,.,.,.,.,.
108904109,.,.,.,.,.,.
108904110,.,.,.,.,.,.
108904111,.,.,.,.,.,.
108904112,.,.,.,.,.,.
108904113,.,.,.,.,.,.
108904114,.,.,.,.,.,.
108904115,.,.,.,.,.,.
108904116,.,.,.,.,.,.
108904117,.,.,.,.,.,.
108904118,.,.,.,.,.,.
108904119,.,.,.,.,.,.
108904120,.,.,.,.,.,.
108904121,.,.,.,.,.,.
108904122,.,.,.,.,.,.
108904123,.,.,.,.,.,.
108904124,.,.,.,.,.,.
108905001,59.9,64.6,83,794,17.6,66
108905002,.,.,.,.,.,.
108905041,.,.,.,.,.,.
108905101,.,.,.,.,.,.
108905102,.,.,.,.,.,.
108905103,.,.,.,.,.,.
108906001,66.9,72.8,83.4,911,17.5,63.9
108906002,62.4,69.9,77.4,1003,19,71.7
108906005,.,.,.,.,.,.
108906006,59.1,62,77.1,963,18.1,63.8
108906007,37.5,22.2,73.3,839,15.8,26.4
108906009,.,.,.,.,.,.
108906042,.,.,.,.,.,.
108906043,.,.,.,.,.,.
108906044,.,.,.,.,.,.
108906045,.,.,.,.,.,.
108906046,.,.,.,.,.,.
108906047,.,.,.,.,.,.
108906101,.,.,.,.,.,.
108906103,.,.,.,.,.,.
108906105,.,.,.,.,.,.
108906106,.,.,.,.,.,.
108906107,.,.,.,.,.,.
108906108,.,.,.,.,.,.
108906110,.,.,.,.,.,.
108906111,.,.,.,.,.,.
108906112,.,.,.,.,.,.
108906113,.,.,.,.,.,.
108906114,.,.,.,.,.,.
108906116,.,.,.,.,.,.
108906119,.,.,.,.,.,.
108906120,.,.,.,.,.,.
108906121,.,.,.,.,.,.
108906122,.,.,.,.,.,.
108906123,.,.,.,.,.,.
108906124,.,.,.,.,.,.
108906125,.,.,.,.,.,.
108906126,.,.,.,.,.,.
108907001,42.6,45.9,68,956,17.5,49.5
108907002,42.9,33.3,83.3,.,.,0
108907003,.,.,.,.,.,.
108907004,0,.,28.6,.,.,.
108907041,.,.,.,.,.,.
108907102,.,.,.,.,.,.
108907103,.,.,.,.,.,.
108907105,.,.,.,.,.,.
108907106,.,.,.,.,.,.
108907107,.,.,.,.,.,.
108908001,43.2,45.7,75.1,912,17.7,60
108908002,56.8,60,77.6,.,.,.
108908037,.,.,.,.,.,0
108908041,.,.,.,.,.,.
108908042,.,.,.,.,.,.
108908101,.,.,.,.,.,.
108908102,.,.,.,.,.,.
108908104,.,.,.,.,.,.
108908105,.,.,.,.,.,.
108908107,.,.,.,.,.,.
108908108,.,.,.,.,.,.
108908109,.,.,.,.,.,.
108908110,.,.,.,.,.,.
108908111,.,.,.,.,.,.
108908112,.,.,.,.,.,.
108908113,.,.,.,.,.,.
108909001,39.6,45.7,69.4,952,17.5,79.9
108909002,47.5,51.9,70.5,825,16.3,75.2
108909003,52.9,57.6,71.8,801,16.3,53
108909004,.,.,.,.,.,.
108909005,36.4,12.5,66.7,.,15.6,40.5
108909006,20,.,28.6,.,15.8,82.9
108909041,.,.,.,.,.,.
108909042,.,.,.,.,.,.
108909043,.,.,.,.,.,.
108909044,.,.,.,.,.,.
108909045,.,.,.,.,.,.
108909101,.,.,.,.,.,.
108909102,.,.,.,.,.,.
108909104,.,.,.,.,.,.
108909106,.,.,.,.,.,.
108909107,.,.,.,.,.,.
108909108,.,.,.,.,.,.
108909109,.,.,.,.,.,.
108909110,.,.,.,.,.,.
108909111,.,.,.,.,.,.
108909112,.,.,.,.,.,.
108909113,.,.,.,.,.,.
108909114,.,.,.,.,.,.
108909115,.,.,.,.,.,.
108909116,.,.,.,.,.,.
108909117,.,.,.,.,.,.
108909118,.,.,.,.,.,.
108909119,.,.,.,.,.,.
108909120,.,.,.,.,.,.
108909121,.,.,.,.,.,.
108909122,.,.,.,.,.,.
108909123,.,.,.,.,.,.
108909124,.,.,.,.,.,.
108909125,.,.,.,.,.,.
108909126,.,.,.,.,.,.
108909127,.,.,.,.,.,.
108910001,37.7,41.4,56.6,955,16.8,39.3
108910002,.,.,.,.,.,.
108910041,.,.,.,.,.,.
108910101,.,.,.,.,.,.
108910102,.,.,.,.,.,.
108911001,55.9,59.5,81.9,954,17.9,71.9
108911004,0,.,.,.,.,.
108911041,.,.,.,.,.,.
108911101,.,.,.,.,.,.
108911102,.,.,.,.,.,.
108911103,.,.,.,.,.,.
108911104,.,.,.,.,.,.
108911106,.,.,.,.,.,.
108912001,12.5,0,42.9,1019,16.1,54
108912003,40,.,40,.,.,0
108912004,44.3,49.5,72.9,.,.,.
108912007,45.3,46.2,76.8,.,.,.
108912041,.,.,.,.,.,.
108912042,.,.,.,.,.,.
108912044,.,.,.,.,.,.
108912045,.,.,.,.,.,.
108912102,.,.,.,.,.,.
108912104,.,.,.,.,.,.
108912105,.,.,.,.,.,.
108912106,.,.,.,.,.,.
108912107,.,.,.,.,.,.
108912108,.,.,.,.,.,.
108912109,.,.,.,.,.,.
108912110,.,.,.,.,.,.
108912111,.,.,.,.,.,.
108912112,.,.,.,.,.,.
108912113,.,.,.,.,.,.
108912114,.,.,.,.,.,.
108912115,.,.,.,.,.,.
108912116,.,.,.,.,.,.
108912117,.,.,.,.,.,.
108913001,53.4,59.6,77,983,18,56.2
108913002,.,.,.,.,.,.
108913003,.,.,.,.,14.9,13.2
108913005,.,.,.,.,.,.
108913006,47.2,53.7,72.1,.,.,.
108913007,.,.,.,.,.,.
108913041,.,.,.,.,.,.
108913042,.,.,.,.,.,.
108913043,.,.,.,.,.,.
108913044,.,.,.,.,.,.
108913102,.,.,.,.,.,.
108913103,.,.,.,.,.,.
108913104,.,.,.,.,.,.
108913106,.,.,.,.,.,.
108913109,.,.,.,.,.,.
108913110,.,.,.,.,.,.
108913111,.,.,.,.,.,.
108913112,.,.,.,.,.,.
108913113,.,.,.,.,.,.
108913114,.,.,.,.,.,.
108914001,53.2,51.2,88.4,.,16.1,65.6
108914002,.,.,.,.,.,0
108914041,.,.,.,.,.,.
108914101,.,.,.,.,.,.
108915041,.,.,.,.,.,.
108915101,.,.,.,.,.,.
108916001,58,66.1,79.3,.,16.2,.
108916041,.,.,.,.,.,.
108916102,.,.,.,.,.,.
108916103,.,.,.,.,.,.
108916104,.,.,.,.,.,.
109901001,96.3,96,100,1010,20.9,85
109902001,93.3,100,92.9,.,20.8,56.3
109903001,68.8,68.8,93.3,884,.,40
109904001,56.2,56.5,73.8,954,19,40.4
109904010,.,.,.,.,.,.
109904041,.,.,.,.,.,.
109904101,.,.,.,.,.,.
109904104,.,.,.,.,.,.
109904109,.,.,.,.,.,.
109905001,68.6,70.6,93.5,.,21.8,56.5
109905041,.,.,.,.,.,.
109905101,.,.,.,.,.,.
109907001,77.3,77.3,95.2,992,21.9,56.7
109907010,.,.,.,.,.,.
109907041,.,.,.,.,.,.
109907101,.,.,.,.,.,.
109908101,.,.,.,.,.,.
109910101,.,.,.,.,.,.
109911001,64.3,67,85.1,1061,20.8,47.6
109911041,.,.,.,.,.,.
109911101,.,.,.,.,.,.
109911102,.,.,.,.,.,.
109912001,77.8,88.9,88.9,.,.,37.5
109913001,56.5,63.6,85.7,916,18.4,64.7
109913101,.,.,.,.,.,.
109914001,35,44.4,77.8,969,19,66.7
110901001,59.3,61.5,77.8,.,21.6,60
110901002,.,.,.,.,.,.
110901101,.,.,.,.,.,.
110902001,49.5,51.5,86.6,1019,20.6,49.1
110902041,.,.,.,.,.,.
110902042,.,.,.,.,.,.
110902101,.,.,.,.,.,.
110902102,.,.,.,.,.,.
110902105,.,.,.,.,.,.
110902106,.,.,.,.,.,.
110905001,80,80,95,.,16.7,56.3
110905002,.,.,.,.,.,.
110906001,63.6,65.6,84.4,928,19.5,78.3
110906002,.,.,.,.,.,.
110906101,.,.,.,.,.,.
110907001,83.7,92.7,88.1,989,20,79.4
110907002,.,.,.,.,.,.
110907041,.,.,.,.,.,.
110907101,.,.,.,.,.,.
110908001,75,83.3,91.7,.,18.5,92.9
111901001,35,23.1,66.7,988,21.2,63.6
111901002,.,.,.,.,.,6.7
111901003,.,.,.,.,.,.
111901004,.,.,.,.,.,.
111901041,64.6,66.8,86.8,.,.,.
111901042,89,92.7,93.1,.,.,.
111901102,.,.,.,.,.,.
111901103,.,.,.,.,.,.
111901104,.,.,.,.,.,.
111901105,.,.,.,.,.,.
111901106,.,.,.,.,.,.
111901107,.,.,.,.,.,.
111901108,.,.,.,.,.,.
111902001,60.7,67.9,88.9,887,19.2,68.4
111902101,.,.,.,.,.,.
111903001,76.3,83.8,89.5,1090,20.2,80.6
111903101,.,.,.,.,.,.
112901002,67.9,69.3,88.5,1001,20.5,64.9
112901041,.,.,.,.,.,.
112901101,.,.,.,.,.,.
112901102,.,.,.,.,.,.
112901104,.,.,.,.,.,.
112901105,.,.,.,.,.,.
112901106,.,.,.,.,.,.
112901107,.,.,.,.,.,.
112905001,42.9,46.2,81.5,.,.,20
112905101,.,.,.,.,.,.
112906001,75,73.1,92,.,22.4,62.5
112906101,.,.,.,.,.,.
112907001,64.3,64.3,92.3,.,17.7,50
112908001,67.4,72.7,88.4,.,20.3,46.8
112908200,.,.,.,.,.,.
112909001,47.1,46.7,87.5,.,20.2,40
112910001,47.1,52.9,85.7,.,22,42.9
113901002,52,55.7,80,899,17.3,59.6
113901003,.,.,.,.,.,.
113901041,.,.,.,.,.,.
113901102,.,.,.,.,.,.
113901104,.,.,.,.,.,.
113901105,.,.,.,.,.,.
113902002,75.6,76.2,88.6,989,21,57.9
113902041,.,.,.,.,.,.
113902102,.,.,.,.,.,.
113903002,67.6,75.8,76.5,921,.,35.3
113903102,.,.,.,.,.,.
113905001,61.1,60,91.7,964,19,63.6
113905101,.,.,.,.,.,.
113906001,47.6,50,76.2,.,.,20
113906101,.,.,.,.,.,.
114901001,53.7,56.1,80.6,1073,20.9,37.7
114901041,.,.,.,.,.,.
114901043,.,.,.,.,.,.
114901102,.,.,.,.,.,.
114901108,.,.,.,.,.,.
114901110,.,.,.,.,.,.
114901111,.,.,.,.,.,.
114901113,.,.,.,.,.,.
114901114,.,.,.,.,.,.
114902001,65.2,69.1,85.2,948,19,52.5
114902041,.,.,.,.,.,.
114902101,.,.,.,.,.,.
114904001,66.1,71.4,82.8,.,20.8,51.4
114904101,.,.,.,.,.,.
115901001,40,55.3,59,.,16.8,35.1
115902001,30,37.5,50,.,.,0
115903001,20,20,80,.,15.6,58.3
116801001,.,.,.,.,.,.
116901001,79,79.7,91.8,1010,19.8,60.8
116901041,.,.,.,.,.,.
116901101,.,.,.,.,.,.
116902001,73.5,71.9,100,900,19.4,78.1
116902041,.,.,.,.,.,.
116902101,.,.,.,.,.,.
116903001,64.3,69.4,80,1031,20.2,67.7
116903043,.,.,.,.,.,.
116903101,.,.,.,.,.,.
116903104,.,.,.,.,.,.
116905001,12.5,12.5,80,.,.,0
116905002,47.3,48.6,72.6,975,20,58.4
116905003,.,.,.,.,.,.
116905004,.,.,.,.,.,.
116905041,.,.,.,.,.,.
116905102,.,.,.,.,.,.
116905103,.,.,.,.,.,.
116905104,.,.,.,.,.,.
116905106,.,.,.,.,.,.
116905107,.,.,.,.,.,.
116905108,.,.,.,.,.,.
116905109,.,.,.,.,.,.
116906001,62.5,61.7,90.3,999,20.8,54.8
116906041,.,.,.,.,.,.
116906101,.,.,.,.,.,.
116908001,50.5,55.8,81,952,20.2,35.1
116908041,.,.,.,.,.,.
116908101,.,.,.,.,.,.
116908102,.,.,.,.,.,.
116908103,.,.,.,.,.,.
116909001,59.4,57.7,93.5,.,20.4,53.3
116909041,.,.,.,.,.,.
116909101,.,.,.,.,.,.
116910001,50,52.6,94.7,.,18.7,64.3
116910101,.,.,.,.,.,.
116915001,73.7,73,94.7,1001,20.8,48.1
116915041,.,.,.,.,.,.
116915101,.,.,.,.,.,.
116916001,66.7,69,90.2,975,20.1,.
116916041,.,.,.,.,.,.
116916101,.,.,.,.,.,.
117901001,60.5,62.7,84.1,1125,21.9,55.1
117901002,.,.,.,.,.,.
117901041,.,.,.,.,.,.
117901104,.,.,.,.,.,.
117901105,.,.,.,.,.,.
117901106,.,.,.,.,.,.
117903001,53.8,53.3,90.8,.,20.4,75
117903002,.,.,.,.,.,.
117903041,.,.,.,.,.,.
117903101,.,.,.,.,.,.
117904001,72.5,77.6,87.5,1131,21.8,87.2
117904002,.,.,.,.,.,.
117904041,.,.,.,.,.,.
117904101,.,.,.,.,.,.
117907101,.,.,.,.,.,.
118902001,78.6,78.6,96.3,1081,21.7,54.2
118902002,.,.,.,.,.,.
118902005,.,.,.,.,.,.
118902101,.,.,.,.,.,.
119901001,60,60,87,980,17.6,92.3
119902001,71.6,73.2,94,915,20.7,73.3
119902002,.,.,.,.,.,.
119902041,.,.,.,.,.,.
119902101,.,.,.,.,.,.
119903001,65.4,65.4,95.5,956,20.5,66.7
119903101,.,.,.,.,.,.
120901001,59.4,63.2,83.1,1005,20,52.7
120901002,.,.,.,.,.,.
120901042,.,.,.,.,.,.
120901101,.,.,.,.,.,.
120901103,.,.,.,.,.,.
120902001,72,76.6,85.4,951,19,78.6
120902101,.,.,.,.,.,.
120905001,70.1,72,93.4,991,20.6,68.8
120905041,.,.,.,.,.,.
120905101,.,.,.,.,.,.
120905102,.,.,.,.,.,.
120905103,.,.,.,.,.,.
121902001,66.7,66.7,100,.,.,10
121902101,.,.,.,.,.,.
121903001,48.7,45.8,91,928,19.7,58.9
121903041,.,.,.,.,.,.
121903101,.,.,.,.,.,.
121904001,55.5,57.7,82,976,18.7,68.4
121904043,.,.,.,.,.,.
121904103,.,.,.,.,.,.
121904104,.,.,.,.,.,.
121904105,.,.,.,.,.,.
121905001,54.2,58.4,83.9,994,18.9,59.4
121905041,.,.,.,.,.,.
121905103,.,.,.,.,.,.
121906001,93.5,92.6,100,870,.,79.2
121906002,.,.,.,.,.,.
121906101,.,.,.,.,.,.
122901001,68.4,73.7,82.4,932,19.4,75
122901002,.,.,.,.,.,.
122901101,.,.,.,.,.,.
122902001,40,40,100,.,.,.
123801101,.,.,.,.,.,.
123802001,27.5,7.7,41.9,.,.,0
123803101,.,.,.,.,.,.
123804001,25,14.3,57.1,.,.,0
123805001,.,.,.,.,.,.
123905001,66.8,71.6,84.2,992,22.4,72.3
123905003,.,.,.,.,.,.
123905041,.,.,.,.,.,.
123905042,.,.,.,.,.,.
123905101,.,.,.,.,.,.
123905102,.,.,.,.,.,.
123905103,.,.,.,.,.,.
123905104,.,.,.,.,.,.
123907007,.,.,.,.,.,.
123907008,44.7,47.8,69.9,.,.,.
123907009,.,.,.,.,.,.
123907041,.,.,.,.,.,.
123907043,.,.,.,.,.,.
123907044,.,.,.,.,.,.
123907102,.,.,.,.,.,.
123907103,.,.,.,.,.,.
123907104,.,.,.,.,.,.
123907105,.,.,.,.,.,.
123907108,.,.,.,.,.,.
123907109,.,.,.,.,.,.
123907110,.,.,.,.,.,.
123907111,.,.,.,.,.,.
123907114,.,.,.,.,.,.
123908001,79.4,85.7,89.8,986,22.8,63.3
123908002,.,.,.,.,.,.
123908003,.,.,.,.,.,.
123908041,.,.,.,.,.,.
123908042,.,.,.,.,.,.
123908101,.,.,.,.,.,.
123908102,.,.,.,.,.,.
123908103,.,.,.,.,.,.
123908104,.,.,.,.,.,.
123908105,.,.,.,.,.,.
123908107,.,.,.,.,.,.
123908110,.,.,.,.,.,.
123910001,36.8,38.4,61.9,772,15.5,54
123910004,37.4,41,68.2,773,16,74.7
123910006,.,.,.,.,.,.
123910008,65.1,67.2,87.3,981,21,73
123910010,.,.,.,.,.,.
123910011,.,.,.,.,.,.
123910012,15.4,6.8,37.8,.,.,0
123910041,.,.,.,.,.,.
123910042,.,.,.,.,.,.
123910043,.,.,.,.,.,.
123910045,.,.,.,.,.,.
123910046,.,.,.,.,.,.
123910047,.,.,.,.,.,.
123910048,.,.,.,.,.,.
123910101,.,.,.,.,.,.
123910102,.,.,.,.,.,.
123910103,.,.,.,.,.,.
123910104,.,.,.,.,.,.
123910105,.,.,.,.,.,.
123910107,.,.,.,.,.,.
123910108,.,.,.,.,.,.
123910109,.,.,.,.,.,.
123910110,.,.,.,.,.,.
123910111,.,.,.,.,.,.
123910112,.,.,.,.,.,.
123910113,.,.,.,.,.,.
123910114,.,.,.,.,.,.
123910115,.,.,.,.,.,.
123910117,.,.,.,.,.,.
123910118,.,.,.,.,.,.
123910119,.,.,.,.,.,.
123910123,.,.,.,.,.,.
123910125,.,.,.,.,.,.
123910126,.,.,.,.,.,.
123913001,72.2,72.2,100,798,.,69.2
123914001,58.5,64.1,82.5,953,19.2,77.7
123914002,.,.,.,.,.,.
123914041,.,.,.,.,.,.
123914101,.,.,.,.,.,.
123914102,.,.,.,.,.,.
124901001,55.1,59,75,896,17,74.7
124901041,.,.,.,.,.,.
124901101,.,.,.,.,.,.
125901001,44.8,48.7,67.4,959,18,73.5
125901041,.,.,.,.,.,.
125901042,.,.,.,.,.,.
125901043,.,.,.,.,.,.
125901101,.,.,.,.,.,.
125901102,.,.,.,.,.,.
125901103,.,.,.,.,.,.
125901104,.,.,.,.,.,.
125901105,.,.,.,.,.,.
125901106,.,.,.,.,.,.
125901107,.,.,.,.,.,.
125902001,72.7,72.7,90,747,16.8,65.6
125902041,.,.,.,.,.,.
125902101,.,.,.,.,.,.
125903001,59.2,63.2,84.9,1039,19.7,75.6
125903041,.,.,.,.,.,.
125903101,.,.,.,.,.,.
125903102,.,.,.,.,.,.
125905001,29.2,36.8,56.3,879,17,62.5
125905041,.,.,.,.,.,.
125905101,.,.,.,.,.,.
125906101,.,.,.,.,.,.
126901001,49.8,52,79.1,904,18.8,71.8
126901041,.,.,.,.,.,.
126901101,.,.,.,.,.,.
126901102,.,.,.,.,.,.
126901103,.,.,.,.,.,.
126901104,.,.,.,.,.,.
126902001,63.9,66.8,84.6,981,20.3,57.9
126902003,.,.,.,.,.,0
126902041,.,.,.,.,.,.
126902042,.,.,.,.,.,.
126902101,.,.,.,.,.,.
126902102,.,.,.,.,.,.
126902103,.,.,.,.,.,.
126902104,.,.,.,.,.,.
126902105,.,.,.,.,.,.
126902107,.,.,.,.,.,.
126902108,.,.,.,.,.,.
126903001,51,54.1,74.5,999,21.2,49
126903002,50,.,.,.,.,0
126903004,.,.,.,.,.,.
126903041,.,.,.,.,.,.
126903101,.,.,.,.,.,.
126903102,.,.,.,.,.,.
126903103,.,.,.,.,.,.
126903104,.,.,.,.,.,.
126903105,.,.,.,.,.,.
126903106,.,.,.,.,.,.
126903107,.,.,.,.,.,.
126903108,.,.,.,.,.,.
126904001,77.5,77.6,95.6,977,21.3,60.7
126904041,.,.,.,.,.,.
126904101,.,.,.,.,.,.
126904102,.,.,.,.,.,.
126905001,57.1,60.9,78.8,974,21.2,46.3
126905002,.,.,.,.,.,0
126905041,.,.,.,.,.,.
126905101,.,.,.,.,.,.
126905103,.,.,.,.,.,.
126905104,.,.,.,.,.,.
126905105,.,.,.,.,.,.
126906001,58.9,57.7,83,975,.,50
126906002,.,.,.,.,.,.
126906041,.,.,.,.,.,.
126906101,.,.,.,.,.,.
126906104,.,.,.,.,.,.
126907001,67.8,73.7,85.7,873,.,65.9
126907041,.,.,.,.,.,.
126907101,.,.,.,.,.,.
126908001,73,74.6,87.9,949,22.6,21.3
126908004,.,.,.,.,.,.
126908041,.,.,.,.,.,.
126908101,.,.,.,.,.,.
126908102,.,.,.,.,.,.
126911001,53.8,58,77.8,922,20.6,55.7
126911041,.,.,.,.,.,.
126911042,.,.,.,.,.,.
126911101,.,.,.,.,.,.
127901001,61.2,65.3,76.1,972,20.7,57.4
127901041,.,.,.,.,.,.
127901101,.,.,.,.,.,.
127903001,66.7,70.4,78.3,.,20.1,81.8
127903041,.,.,.,.,.,.
127903102,.,.,.,.,.,.
127904001,61.4,62.5,79.5,.,19.5,57.1
127904041,.,.,.,.,.,.
127904101,.,.,.,.,.,.
127905001,71.4,100,71.4,.,.,36.4
127905101,.,.,.,.,.,.
127906001,73.9,77.8,93.5,1000,19.9,60.7
127906003,.,.,.,.,.,.
127906101,.,.,.,.,.,.
127906102,.,.,.,.,.,.
128901001,50.5,60,63.5,1029,19.2,69.5
128901041,.,.,.,.,.,.
128901042,.,.,.,.,.,.
128901105,.,.,.,.,.,.
128902001,52.1,59.1,76.4,886,19,33.8
128902002,33.3,.,.,.,.,0
128902003,.,.,.,.,.,.
128902041,.,.,.,.,.,.
128902104,.,.,.,.,.,.
128903001,35,40,80,960,16.4,88.9
128903002,.,.,.,.,.,.
128903101,.,.,.,.,.,.
128904001,79.2,79.2,100,955,20.2,86.4
128904101,.,.,.,.,.,.
129901001,73.5,78,89.3,963,20.6,54
129901002,.,.,.,.,.,0
129901041,.,.,.,.,.,.
129901101,.,.,.,.,.,.
129901102,.,.,.,.,.,.
129902001,72.5,76.1,91.7,964,20,77.1
129902041,.,.,.,.,.,.
129902101,.,.,.,.,.,.
129902102,.,.,.,.,.,.
129902103,.,.,.,.,.,.
129903001,59.2,65.1,82.6,973,20.3,54.6
129903003,.,.,.,.,.,.
129903041,.,.,.,.,.,.
129903101,.,.,.,.,.,.
129903102,.,.,.,.,.,.
129903103,.,.,.,.,.,.
129904001,57.5,60.4,81.1,921,20.7,32.9
129904041,.,.,.,.,.,.
129904101,.,.,.,.,.,.
129904102,.,.,.,.,.,.
129905001,77.4,82.1,88.9,955,20.4,40
129905041,.,.,.,.,.,.
129905103,.,.,.,.,.,.
129905104,.,.,.,.,.,.
129905105,.,.,.,.,.,.
129906002,53,54,80.1,958,18.5,38.9
129906041,.,.,.,.,.,.
129906101,.,.,.,.,.,.
129906102,.,.,.,.,.,.
129906103,.,.,.,.,.,.
129906104,.,.,.,.,.,.
129906105,.,.,.,.,.,.
129906106,.,.,.,.,.,.
129910001,63.1,62.7,93.5,896,19.2,44.2
129910041,.,.,.,.,.,.
129910101,.,.,.,.,.,.
130901001,.,.,.,1024,21.7,91.8
130901041,79.8,84.1,91.5,.,.,.
130901042,91.7,93.6,97.2,.,.,.
130901101,.,.,.,.,.,.
130901102,.,.,.,.,.,.
130901103,.,.,.,.,.,.
130901104,.,.,.,.,.,.
130902001,38.8,35.9,82.9,998,22.9,64.2
130902041,.,.,.,.,.,.
130902101,.,.,.,.,.,.
131001103,.,.,.,.,.,.
132902001,71.4,85.7,85.7,.,19.8,90
133901001,54.3,54.5,76.2,969,20.9,80.8
133901002,.,.,.,.,.,.
133901041,.,.,.,.,.,.
133901101,.,.,.,.,.,.
133902101,.,.,.,.,.,.
133903001,70.8,73.3,88.4,1016,21.3,70.8
133903041,.,.,.,.,.,.
133903101,.,.,.,.,.,.
133903102,.,.,.,.,.,.
133903103,.,.,.,.,.,.
133903104,.,.,.,.,.,.
133903105,.,.,.,.,.,29.4
133903106,57.1,.,83.3,.,.,.
133903107,.,.,.,.,.,.
133903109,.,.,.,.,.,.
133904001,71.8,78.2,87.4,951,19.9,63.9
133904041,.,.,.,.,.,.
133904101,.,.,.,.,.,.
133905101,.,.,.,.,.,.
134901001,63.6,63.3,88.7,931,18,74.5
134901041,.,.,.,.,.,.
134901101,.,.,.,.,.,.
135001001,100,100,100,.,.,80
136901001,60.4,65.2,85.1,936,20.3,71
136901002,.,.,.,.,.,0
136901041,.,.,.,.,.,.
136901101,.,.,.,.,.,.
137901001,49.7,49.2,81.6,960,18.3,56.7
137901002,11.1,11.1,.,.,16,17.2
137901003,.,.,.,.,.,.
137901004,.,.,.,.,.,0
137901041,.,.,.,.,.,.
137901042,.,.,.,.,.,.
137901105,.,.,.,.,.,.
137901106,.,.,.,.,.,.
137901107,.,.,.,.,.,.
137901109,.,.,.,.,.,.
137901110,.,.,.,.,.,.
137901111,.,.,.,.,.,.
137902041,.,.,.,.,.,.
137902101,.,.,.,.,.,.
137903001,62,65.3,77.6,910,20,90
137903041,.,.,.,.,.,.
137903101,.,.,.,.,.,.
137904001,62.5,66.7,87.5,1057,20.4,77.8
137904101,.,.,.,.,.,.
138901001,40,40,60,.,.,.
138902001,81.8,81.8,100,974,18.5,85
138902041,.,.,.,.,.,.
138902101,.,.,.,.,.,.
138903001,76.5,82.4,84.4,.,20.4,81.8
138903101,.,.,.,.,.,.
138904001,.,.,.,.,20.4,83.3
139905001,80,81.5,98.2,.,20.5,90.2
139905041,.,.,.,.,.,.
139905101,.,.,.,.,.,.
139908001,30.8,30.8,92.3,.,19.2,46.2
139908101,.,.,.,.,.,.
139909002,71.9,74.8,85.8,1027,17.9,51.5
139909006,.,.,.,.,.,0
139909041,.,.,.,.,.,.
139909042,.,.,.,.,.,.
139909105,.,.,.,.,.,.
139909108,.,.,.,.,.,.
139909109,.,.,.,.,.,.
139909111,.,.,.,.,.,.
139911002,65.1,66.9,88.7,1027,20.3,50.3
139911042,.,.,.,.,.,.
139911101,.,.,.,.,.,.
139911102,.,.,.,.,.,.
139911103,.,.,.,.,.,.
139911104,.,.,.,.,.,.
139912001,61.3,62,83.5,1003,19.2,50
139912101,.,.,.,.,.,.
139912102,.,.,.,.,.,.
140901001,63.6,63.6,90.9,.,21.8,76.9
140901002,.,.,.,.,.,.
140904001,52,55,79.2,893,18.9,66.2
140904041,.,.,.,.,.,.
140904042,50,40,83.3,.,.,.
140904102,.,.,.,.,.,.
140904103,.,.,.,.,.,.
140905002,68.9,69.8,90.9,971,20.9,59
140905005,.,.,.,.,.,.
140905041,.,.,.,.,.,.
140905102,.,.,.,.,.,.
140906001,42.9,42.9,85.7,.,.,12.5
140907001,85.7,85,100,.,20.5,82.6
140907101,.,.,.,.,.,.
140908001,88.2,94.1,94.1,.,19.9,70.3
140908002,.,.,.,.,.,.
140908101,.,.,.,.,.,.
141801001,.,.,.,.,.,.
141901001,73.7,76.7,91.5,961,19.8,56.5
141901003,.,.,.,.,.,0
141901041,.,.,.,.,.,.
141901102,.,.,.,.,.,.
141901103,.,.,.,.,.,.
141902001,73.3,76.9,73.3,846,18,76.9
142901001,39.5,47.2,62,.,17.5,57.1
142901004,.,.,.,.,.,0
142901041,.,.,.,.,.,.
142901101,.,.,.,.,.,.
142901102,.,.,.,.,.,.
142901104,.,.,.,.,.,.
143901001,59,64.6,82.1,1007,20.1,63.9
143901002,.,.,.,.,.,.
143901041,.,.,.,.,.,.
143901101,.,.,.,.,.,.
143901102,.,.,.,.,.,.
143902001,92.3,92.3,100,934,.,85.7
143902101,.,.,.,.,.,.
143903001,91.9,94.6,97.1,1042,21.9,75.7
143903002,.,.,.,.,.,.
143903101,.,.,.,.,.,.
143904101,.,.,.,.,.,.
143905101,.,.,.,.,.,.
143906101,.,.,.,.,.,.
144901001,65.2,66.2,82.1,1023,22.1,53.1
144901002,60,.,80,.,.,0
144901041,.,.,.,.,.,.
144901101,.,.,.,.,.,.
144901103,.,.,.,.,.,.
144902001,60.3,60.6,90.4,901,16.8,65.5
144902041,.,.,.,.,.,.
144902101,.,.,.,.,.,.
144903001,47.4,52.9,68.8,928,.,.
144903002,.,.,.,.,.,.
145901002,55.6,59.3,73.5,883,20.4,70
145901041,.,.,.,.,.,.
145901102,.,.,.,.,.,.
145902001,64.3,68.4,89.5,824,.,53.5
145902101,.,.,.,.,.,.
145906001,69.8,76.2,83.7,1077,18.6,62.5
145906101,.,.,.,.,.,.
145907002,45.5,45.5,88.9,.,.,37.5
145907102,.,.,.,.,.,.
145911002,84.1,93,87.2,933,20.3,66.7
145911041,.,.,.,.,.,.
145911102,.,.,.,.,.,.
146901001,35.1,35.6,70.3,882,17,56.1
146901002,.,.,.,.,.,.
146901003,.,.,.,.,.,.
146901041,.,.,.,.,.,.
146901101,.,.,.,.,.,.
146901102,.,.,.,.,.,.
146901103,.,.,.,.,.,.
146901104,.,.,.,.,.,.
146902002,47.6,48.4,84.9,945,20.6,75.8
146902003,.,.,.,.,.,.
146902004,.,.,.,.,.,.
146902041,.,.,.,.,.,.
146902101,.,.,.,.,.,.
146902102,.,.,.,.,.,.
146902103,.,.,.,.,.,.
146902104,.,.,.,.,.,.
146903101,.,.,.,.,.,.
146903102,.,.,.,.,.,.
146904001,41.2,47.6,78.8,893,19.1,49.2
146904002,.,.,.,.,.,.
146904003,.,.,.,.,.,.
146904041,.,.,.,.,.,.
146904102,.,.,.,.,.,.
146905001,48.8,58.5,69,916,18.2,45.2
146905003,.,.,.,.,.,.
146905041,.,.,.,.,.,.
146905101,.,.,.,.,.,.
146906001,50.6,52.9,76,924,19.6,60.3
146906002,.,.,.,.,.,.
146906003,.,.,.,.,.,.
146906041,.,.,.,.,.,.
146906102,.,.,.,.,.,.
146906103,.,.,.,.,.,.
146907001,58.9,61.2,87.8,940,19.8,47.2
146907041,.,.,.,.,.,.
146907101,.,.,.,.,.,.
146907102,.,.,.,.,.,.
147901001,43.8,50,62.5,.,.,50
147901101,.,.,.,.,.,.
147902001,62.4,66.7,84.9,980,20.8,46.6
147902002,.,.,.,.,.,0
147902042,.,.,.,.,.,.
147902101,.,.,.,.,.,.
147903002,67.4,70.2,81,928,19.8,67.4
147903005,.,.,.,.,.,.
147903042,.,.,.,.,.,.
147903101,.,.,.,.,.,.
147903103,.,.,.,.,.,.
147903105,.,.,.,.,.,.
148901001,54.5,56.3,78.1,.,19,76.9
148901101,.,.,.,.,.,.
148902001,76.9,83.3,84.6,.,21.6,.
148903001,.,.,.,.,21,66.7
148905101,.,.,.,.,.,.
149901001,77.8,78.8,93.8,1054,18.5,62.1
149901041,.,.,.,.,.,.
149901101,.,.,.,.,.,.
149901102,.,.,.,.,.,.
149902001,61.1,67.3,74.1,984,19.2,68.5
149902041,.,.,.,.,.,.
149902101,.,.,.,.,.,.
150901001,76.7,79.3,94.9,1007,20,53.8
150901041,.,.,.,.,.,.
150901042,.,.,.,.,.,.
150901101,.,.,.,.,.,.
150901102,.,.,.,.,.,.
152801001,40,37.5,77.8,.,.,0
152802101,.,.,.,.,.,.
152803001,47.1,36.4,73.3,.,.,0
152804001,40,37.5,77.8,.,.,0
152901001,.,.,.,1018,20.6,67.6
152901003,.,.,.,1119,22.4,55.6
152901004,.,.,.,996,19.9,50.5
152901005,24,25.7,57.5,778,16.1,54.4
152901007,.,.,.,.,.,.
152901009,.,.,.,.,.,.
152901011,14.3,0,40,.,.,0
152901015,.,.,.,.,.,.
152901017,42.9,.,83.3,.,.,.
152901042,57.5,62.8,82.2,.,.,.
152901043,83.7,87.3,91.9,.,.,.
152901044,64.5,65.8,92.8,.,.,.
152901045,75,75.5,96.1,.,.,.
152901047,55,58.4,82.4,.,.,.
152901048,59.7,61.5,85.8,.,.,.
152901049,41.9,44.3,72,.,.,.
152901050,59.6,62.4,85.5,.,.,.
152901051,90.5,92,97.5,.,.,.
152901052,50,61.9,76.2,.,.,.
152901101,.,.,.,.,.,.
152901102,.,.,.,.,.,.
152901103,.,.,.,.,.,.
152901104,.,.,.,.,.,.
152901105,.,.,.,.,.,.
152901106,.,.,.,.,.,.
152901108,.,.,.,.,.,.
152901109,.,.,.,.,.,.
152901110,.,.,.,.,.,.
152901111,.,.,.,.,.,.
152901112,.,.,.,.,.,.
152901113,.,.,.,.,.,.
152901114,.,.,.,.,.,.
152901115,.,.,.,.,.,.
152901116,.,.,.,.,.,.
152901117,.,.,.,.,.,.
152901118,.,.,.,.,.,.
152901120,.,.,.,.,.,.
152901121,.,.,.,.,.,.
152901122,.,.,.,.,.,.
152901124,.,.,.,.,.,.
152901128,.,.,.,.,.,.
152901131,.,.,.,.,.,.
152901132,.,.,.,.,.,.
152901133,.,.,.,.,.,.
152901134,.,.,.,.,.,.
152901135,.,.,.,.,.,.
152901136,.,.,.,.,.,.
152901137,.,.,.,.,.,.
152901139,.,.,.,.,.,.
152901140,.,.,.,.,.,.
152901142,.,.,.,.,.,.
152901143,.,.,.,.,.,.
152901144,.,.,.,.,.,.
152901145,.,.,.,.,.,.
152901146,.,.,.,.,.,.
152901147,.,.,.,.,.,.
152901150,.,.,.,.,.,.
152901151,.,.,.,.,.,.
152902001,48.5,44.8,86.7,.,20.9,57.4
152902041,.,.,.,.,.,.
152902101,.,.,.,.,.,.
152903001,53.3,57,79.3,981,19.5,49.2
152903004,.,.,.,.,.,.
152903042,.,.,.,.,.,.
152903101,.,.,.,.,.,.
152903103,.,.,.,.,.,.
152906001,72.3,73.3,91.9,1063,21.1,62.9
152906041,.,.,.,.,.,.
152906101,.,.,.,.,.,.
152906102,.,.,.,.,.,.
152906103,.,.,.,.,.,.
152907001,68.5,72.9,88.6,1024,21,59.4
152907002,8.3,12.5,45.5,.,.,0
152907003,.,.,.,.,.,.
152907041,.,.,.,.,.,.
152907051,.,.,.,.,.,.
152907101,.,.,.,.,.,.
152907103,.,.,.,.,.,.
152907104,.,.,.,.,.,.
152907105,.,.,.,.,.,.
152908001,60.6,69.1,82.4,1038,19.3,50.8
152908002,.,.,.,.,.,.
152908003,.,.,.,.,.,.
152908041,.,.,.,.,.,.
152908101,.,.,.,.,.,.
152909001,78.7,83.9,88.5,1017,21.1,72.1
152909003,.,.,.,.,.,.
152909041,.,.,.,.,.,.
152909101,.,.,.,.,.,.
152909102,.,.,.,.,.,.
152910001,64.2,67.3,92,1013,20.5,55.8
152910004,.,.,.,.,.,.
152910041,.,.,.,.,.,.
152910101,.,.,.,.,.,.
153903001,59.3,61.5,91.7,.,20.3,69.2
153903041,.,.,.,.,.,.
153903101,.,.,.,.,.,.
153904001,63.2,69.2,87.3,930,18.6,84.4
153904041,.,.,.,.,.,.
153904101,.,.,.,.,.,.
153905001,69.2,83.3,76.9,.,18.6,61.5
153907001,64.3,61.5,84.6,.,20.3,36.4
154901001,63,67.2,81.1,876,18.9,62.7
154901041,.,.,.,.,.,.
154901101,.,.,.,.,.,.
154901102,.,.,.,.,.,.
154903001,77.8,76,92,988,.,66.7
154903101,.,.,.,.,.,.
155901002,54.2,68.2,70.2,906,18.6,71.7
155901041,.,.,.,.,.,.
155901042,.,.,.,.,.,.
155901102,.,.,.,.,.,.
156902001,66.7,75.5,80.4,892,.,55.3
156902041,.,.,.,.,.,.
156902101,.,.,.,.,.,.
156905001,100,100,100,.,22.1,50
157901001,87.5,91.1,91.5,981,19.9,57.8
157901101,.,.,.,.,.,.
157901199,.,.,.,.,.,.
158901001,58.5,63.6,79.3,958,19.7,56.8
158901003,.,.,.,.,.,.
158901041,.,.,.,.,.,.
158901043,.,.,.,.,.,.
158901045,.,.,.,.,.,.
158901101,.,.,.,.,.,.
158901102,.,.,.,.,.,.
158901104,.,.,.,.,.,.
158902001,67.6,68.8,94,875,19.1,50
158902041,.,.,.,.,.,.
158902101,.,.,.,.,.,.
158902102,.,.,.,.,.,.
158904101,.,.,.,.,.,.
158905001,62.9,70.1,81,917,18.9,69.9
158905041,.,.,.,.,.,.
158905101,.,.,.,.,.,.
158905102,.,.,.,.,.,.
158906002,78.7,83.6,90.7,873,19.4,64.5
158906003,.,.,.,.,.,.
158906041,.,.,.,.,.,.
158906102,.,.,.,.,.,.
158906103,.,.,.,.,.,.
159901001,54.8,59.6,75.3,855,18.6,.
159901002,25,20,75,.,.,0
159901003,.,.,.,.,.,.
159901004,.,.,.,.,.,0
159901041,.,.,.,.,.,.
159901042,.,.,.,.,.,.
159901101,.,.,.,.,.,.
159901102,.,.,.,.,.,.
159901103,.,.,.,.,.,.
159901104,.,.,.,.,.,.
159901105,.,.,.,.,.,.
159901106,.,.,.,.,.,.
159901107,.,.,.,.,.,.
159901109,.,.,.,.,.,.
159901110,.,.,.,.,.,.
159901111,.,.,.,.,.,.
159901112,.,.,.,.,.,.
159901113,.,.,.,.,.,.
159901115,.,.,.,.,.,.
159901116,.,.,.,.,.,.
159901117,.,.,.,.,.,.
159901118,.,.,.,.,.,.
159901119,.,.,.,.,.,.
159901120,.,.,.,.,.,.
160901001,75.2,82,89.5,1024,19.9,66
160901041,.,.,.,.,.,.
160901101,.,.,.,.,.,.
160901103,.,.,.,.,.,.
160904001,75,87.5,87.5,.,20,60
160905001,57.1,50,100,.,.,33.3
161801101,.,.,.,.,.,.
161802101,.,.,.,.,.,.
161804001,16.7,20,50,.,.,.
161901001,90.5,92.7,97.6,1044,21.3,72.7
161901002,.,.,.,.,.,.
161901041,.,.,.,.,.,.
161901101,.,.,.,.,.,.
161903001,80.1,84.3,90.5,1060,22.1,62.6
161903004,.,.,.,.,.,.
161903041,.,.,.,.,.,.
161903101,.,.,.,.,.,.
161903102,.,.,.,.,.,.
161903103,.,.,.,.,.,.
161903104,.,.,.,.,.,.
161903105,.,.,.,.,.,.
161903106,.,.,.,.,.,.
161906002,52.8,61.2,74.4,941,19.2,47.6
161906003,.,.,.,.,.,0
161906004,.,.,.,.,.,.
161906005,.,.,.,.,.,.
161906042,.,.,.,.,.,.
161906103,.,.,.,.,.,.
161906105,.,.,.,.,.,.
161906106,.,.,.,.,.,.
161907001,79.4,81.2,93.5,1045,21.4,66.7
161907002,.,.,.,.,.,.
161907041,.,.,.,.,.,.
161907101,.,.,.,.,.,.
161908002,66,65.9,93.2,1082,19.2,57.1
161908041,.,.,.,.,.,.
161908102,.,.,.,.,.,.
161909001,50,54.8,77.6,943,17.8,40.7
161909041,.,.,.,.,.,.
161909101,.,.,.,.,.,.
161910001,48.4,51.8,80.4,934,19.3,66.7
161910041,.,.,.,.,.,.
161910101,.,.,.,.,.,.
161910102,.,.,.,.,.,.
161912001,72.9,78.3,88.9,988,20.9,69.7
161912101,.,.,.,.,.,.
161914002,47.1,51.2,72.1,942,18.4,51.4
161914003,36.6,43.1,70.6,846,17.8,30.4
161914004,.,.,.,.,.,.
161914005,.,.,.,.,.,.
161914006,60.7,64.6,83.6,972,16.4,44.7
161914007,22.2,.,33.3,.,.,.
161914041,.,.,.,.,.,.
161914043,.,.,.,.,.,.
161914044,.,.,.,.,.,.
161914045,.,.,.,.,.,.
161914046,.,.,.,.,.,.
161914048,.,.,.,.,.,.
161914049,.,.,.,.,.,.
161914101,.,.,.,.,.,.
161914103,.,.,.,.,.,.
161914104,.,.,.,.,.,.
161914105,.,.,.,.,.,.
161914106,.,.,.,.,.,.
161914107,.,.,.,.,.,.
161914108,.,.,.,.,.,.
161914109,.,.,.,.,.,.
161914110,.,.,.,.,.,.
161914112,.,.,.,.,.,.
161914115,.,.,.,.,.,.
161914116,.,.,.,.,.,.
161914118,.,.,.,.,.,.
161914120,.,.,.,.,.,.
161914121,.,.,.,.,.,.
161914125,.,.,.,.,.,.
161914126,.,.,.,.,.,.
161914127,.,.,.,.,.,.
161914129,.,.,.,.,.,.
161914130,.,.,.,.,.,.
161914132,.,.,.,.,.,.
161914198,50,52.9,89.5,.,.,.
161916001,66.9,69.7,86.5,938,19.9,58.3
161916002,.,.,.,.,.,0
161916004,.,.,.,.,.,.
161916005,.,.,.,.,.,.
161916042,.,.,.,.,.,.
161916101,.,.,.,.,.,.
161916102,.,.,.,.,.,.
161916198,.,.,.,.,.,.
161918001,85.7,87.5,92.7,978,20.9,51.5
161918002,.,.,.,.,.,.
161918003,.,.,.,.,.,.
161918041,.,.,.,.,.,.
161918101,.,.,.,.,.,.
161918199,.,.,.,.,.,.
161919001,.,.,.,1057,19.6,56.6
161919002,.,.,.,.,.,.
161919004,.,.,.,.,.,.
161919041,80,82.1,96.6,.,.,.
161919042,.,.,.,.,.,.
161919101,.,.,.,.,.,.
161919198,.,.,.,.,.,.
161920001,63.5,68.8,81.6,1052,21.6,55.7
161920002,.,.,.,.,.,.
161920004,.,.,.,.,.,.
161920006,.,.,.,.,.,.
161920008,.,.,.,.,.,.
161920041,.,.,.,.,.,.
161920102,.,.,.,.,.,.
161920104,.,.,.,.,.,.
161921001,66.2,71.3,86.5,919,19.6,49.2
161921002,0,0,40,.,.,.
161921004,.,.,.,.,.,.
161921041,.,.,.,.,.,.
161921101,.,.,.,.,.,.
161921102,.,.,.,.,.,.
161921103,.,.,.,.,.,.
161921104,.,.,.,.,.,.
161922001,71.2,74.1,89.4,995,21.4,47.7
161922002,.,.,.,.,.,.
161922004,.,.,.,.,.,.
161922041,.,.,.,.,.,.
161922101,.,.,.,.,.,.
161922102,.,.,.,.,.,.
161922103,.,.,.,.,.,.
161923001,78.8,81.8,93.9,960,21,55.6
161923101,.,.,.,.,.,.
161924101,.,.,.,.,.,.
161925101,.,.,.,.,.,.
162904001,91.7,91.7,100,.,22.3,61.5
163901001,60.3,62.2,80.2,911,19.1,59
163901002,.,.,.,.,.,.
163901041,.,.,.,.,.,.
163901101,.,.,.,.,.,.
163901102,.,.,.,.,.,.
163902001,91.3,95.2,95.5,1015,21.3,81.3
163903001,43.1,48.6,71.4,820,18.4,52.6
163903041,.,.,.,.,.,.
163903101,.,.,.,.,.,.
163903102,.,.,.,.,.,.
163904001,51,50.4,83.6,1020,20.7,65.1
163904041,.,.,.,.,.,.
163904102,.,.,.,.,.,.
163904104,.,.,.,.,.,.
163904105,.,.,.,.,.,.
163908001,61.5,66.2,80.3,946,19.7,63.9
163908002,.,.,.,.,.,.
163908042,.,.,.,.,.,.
163908101,.,.,.,.,.,.
163908102,.,.,.,.,.,.
163908202,.,.,.,.,.,.
164901001,57.1,64.7,81.8,1080,20.4,54.3
164901041,.,.,.,.,.,.
164901101,.,.,.,.,.,.
165801001,11.1,12.5,50,.,.,0
165802101,.,.,.,.,.,.
165803001,26.7,30,57.1,.,.,0
165803002,33.3,26.1,76.7,.,.,0
165901002,.,.,.,1046,21.8,55.2
165901003,31.6,37.5,54.5,1032,21.2,54.7
165901004,15.8,13.6,60.7,.,.,8.3
165901005,.,.,.,.,.,0
165901041,.,.,.,.,.,.
165901042,78.5,81.4,92,.,.,.
165901044,67.8,70.7,87.3,.,.,.
165901045,.,.,.,.,.,.
165901046,.,.,.,.,.,.
165901047,.,.,.,.,.,.
165901101,.,.,.,.,.,.
165901102,.,.,.,.,.,.
165901104,.,.,.,.,.,.
165901105,.,.,.,.,.,.
165901106,.,.,.,.,.,.
165901107,.,.,.,.,.,.
165901108,.,.,.,.,.,.
165901109,.,.,.,.,.,.
165901110,.,.,.,.,.,.
165901111,.,.,.,.,.,.
165901112,.,.,.,.,.,.
165901113,.,.,.,.,.,.
165901114,.,.,.,.,.,.
165901116,.,.,.,.,.,.
165901117,.,.,.,.,.,.
165901118,.,.,.,.,.,.
165901120,.,.,.,.,.,.
165901121,.,.,.,.,.,.
165901122,.,.,.,.,.,.
165901123,.,.,.,.,.,.
165901125,.,.,.,.,.,.
165901127,.,.,.,.,.,.
165901128,.,.,.,.,.,.
165901129,.,.,.,.,.,.
165901130,.,.,.,.,.,.
165902001,65.3,66.4,92.5,921,22.5,89.3
165902041,.,.,.,.,.,.
165902101,.,.,.,.,.,.
165902102,.,.,.,.,.,.
166901002,61.7,61.2,92.9,950,19.4,52.3
166901041,.,.,.,.,.,.
166901101,.,.,.,.,.,.
166901104,.,.,.,.,.,.
166902101,.,.,.,.,.,.
166903001,94.6,94.4,100,.,20.4,37
166903041,.,.,.,.,.,.
166903102,.,.,.,.,.,.
166904001,68.8,71.2,92.6,911,19.7,70.4
166904041,.,.,.,.,.,.
166904101,.,.,.,.,.,.
166905001,48.7,50,89.7,911,.,74.2
166905041,.,.,.,.,.,.
166905101,.,.,.,.,.,.
166907001,88.9,88.9,100,.,.,21.4
167901001,70.5,71.8,86.4,1029,22,73.5
167901002,.,.,.,.,.,.
167901101,.,.,.,.,.,.
167901102,.,.,.,.,.,.
167902001,10,22.2,70,.,.,80
167903001,42.9,42.9,100,.,.,0
167904001,25,37.5,.,.,.,25
168901001,65.3,65.2,88.4,.,18.6,58.6
168901041,.,.,.,.,.,.
168901101,.,.,.,.,.,.
168901102,.,.,.,.,.,.
168902001,66.7,66.7,88.9,.,19.6,33.3
168903001,81.8,81.8,90,.,19.6,45.5
169901001,66.9,67.2,93,964,20.9,52.6
169901041,.,.,.,.,.,.
169901101,.,.,.,.,.,.
169901105,.,.,.,.,.,.
169902001,56.7,60,81.7,967,19.5,82.6
169902041,.,.,.,.,.,.
169902101,.,.,.,.,.,.
169906001,54.5,60,80,.,.,18.2
169906101,.,.,.,.,.,.
169908101,.,.,.,.,.,.
169909001,100,100,.,976,.,66.7
169909101,.,.,.,.,.,.
169910001,63.6,70,90,.,.,42.9
169911001,81.5,92.6,88,.,21.8,26.1
169911101,.,.,.,.,.,.
170801001,.,.,.,.,.,.
170902001,54.1,58.3,74.5,948,19.5,66.7
170902002,21.4,0,76.9,.,.,0
170902003,.,.,.,1089,22.9,86.5
170902005,80.2,84.4,89.6,1064,22.1,77
170902007,.,.,.,.,.,.
170902010,.,.,.,.,.,.
170902011,74.2,79.1,86.4,951,19.5,35.2
170902012,80.7,82.1,95.4,.,.,.
170902041,.,.,.,.,.,.
170902043,.,.,.,.,.,.
170902044,.,.,.,.,.,.
170902045,.,.,.,.,.,.
170902046,.,.,.,.,.,.
170902049,.,.,.,.,.,.
170902050,.,.,.,.,.,.
170902051,.,.,.,.,.,.
170902053,.,.,.,.,.,.
170902067,.,.,.,.,.,.
170902068,.,.,.,.,.,.
170902069,.,.,.,.,.,.
170902070,.,.,.,.,.,.
170902071,.,.,.,.,.,.
170902101,.,.,.,.,.,.
170902102,.,.,.,.,.,.
170902103,.,.,.,.,.,.
170902104,.,.,.,.,.,.
170902105,.,.,.,.,.,.
170902106,.,.,.,.,.,.
170902107,.,.,.,.,.,.
170902108,.,.,.,.,.,.
170902109,.,.,.,.,.,.
170902111,.,.,.,.,.,.
170902112,.,.,.,.,.,.
170902113,.,.,.,.,.,.
170902114,.,.,.,.,.,.
170902115,.,.,.,.,.,.
170902116,.,.,.,.,.,.
170902117,.,.,.,.,.,.
170902118,.,.,.,.,.,.
170902119,.,.,.,.,.,.
170902120,.,.,.,.,.,.
170902121,.,.,.,.,.,.
170902122,.,.,.,.,.,.
170902123,.,.,.,.,.,.
170902201,.,.,.,.,.,.
170903002,81.6,86.5,91.3,988,22.3,81
170903003,.,.,.,.,.,.
170903042,.,.,.,.,.,.
170903051,.,.,.,.,.,.
170903102,.,.,.,.,.,.
170903103,.,.,.,.,.,.
170904002,61.5,63.8,83.4,989,19.1,56.6
170904003,39.1,27.8,70.6,.,.,.
170904004,.,.,.,.,.,.
170904042,.,.,.,.,.,.
170904101,.,.,.,.,.,.
170904103,.,.,.,.,.,.
170904104,.,.,.,.,.,.
170904105,.,.,.,.,.,.
170904106,.,.,.,.,.,.
170906001,65.6,69.2,83.2,957,20.6,61.9
170906010,.,.,.,.,.,.
170906012,.,.,.,.,.,0
170906041,.,.,.,.,.,.
170906042,.,.,.,.,.,.
170906051,.,.,.,.,.,.
170906052,.,.,.,.,.,.
170906102,.,.,.,.,.,.
170906103,.,.,.,.,.,.
170906104,.,.,.,.,.,.
170906105,.,.,.,.,.,.
170906106,.,.,.,.,.,.
170906107,.,.,.,.,.,.
170907001,52.1,54.2,82.1,929,.,40.7
170907041,.,.,.,.,.,.
170907101,.,.,.,.,.,.
170907102,.,.,.,.,.,.
170908001,47,49.4,76.9,956,21.3,37.2
170908002,.,.,.,.,.,.
170908003,.,.,.,.,.,.
170908041,.,.,.,.,.,.
170908042,.,.,.,.,.,.
170908101,.,.,.,.,.,.
170908102,.,.,.,.,.,.
170908104,.,.,.,.,.,.
170908106,.,.,.,.,.,.
170908107,.,.,.,.,.,.
171901001,56.9,63.7,74.1,882,19,47.7
171901002,.,.,.,.,.,0
171901041,.,.,.,.,.,.
171901101,.,.,.,.,.,.
171901102,.,.,.,.,.,.
171901103,.,.,.,.,.,.
171901104,.,.,.,.,.,.
171901105,.,.,.,.,.,.
171902001,75.9,75.9,96.6,.,19.9,69
171902002,.,.,.,.,.,.
171902041,.,.,.,.,.,.
171902101,.,.,.,.,.,.
172902001,67.6,72.7,85,977,16.4,51.9
172902041,.,.,.,.,.,.
172902101,.,.,.,.,.,.
172902102,.,.,.,.,.,.
172902103,.,.,.,.,.,.
172905002,66.2,66.1,90.3,.,19.6,50
172905041,.,.,.,.,.,.
172905102,.,.,.,.,.,.
173901001,57.1,57.1,100,.,16.4,72.2
174901001,88,91.7,91.7,.,18,56.3
174901101,.,.,.,.,.,.
174902001,70.6,67.7,100,884,20.3,68
174902002,.,.,.,.,.,.
174903001,75,75,98,.,19.5,72.1
174903041,.,.,.,.,.,.
174903101,.,.,.,.,.,.
174904002,68.4,73.6,80.6,1016,20.7,59.5
174904041,.,.,.,.,.,.
174904101,.,.,.,.,.,.
174904102,.,.,.,.,.,.
174904103,.,.,.,.,.,.
174904104,.,.,.,.,.,.
174904105,.,.,.,.,.,.
174904107,.,.,.,.,.,.
174904108,.,.,.,.,.,.
174906001,64.5,66.7,94.9,1148,20,54.8
174906041,.,.,.,.,.,.
174906101,.,.,.,.,.,.
174906102,.,.,.,.,.,.
174908001,89.8,89.1,100,986,.,38.5
174908101,.,.,.,.,.,.
174909001,73.9,73.9,100,.,17.8,94.7
174910101,.,.,.,.,.,.
174911001,90,89.3,92.9,.,19.8,100
175902001,63,69.4,81.1,995,20.1,73
175902041,.,.,.,.,.,.
175902101,.,.,.,.,.,.
175903001,50.1,53.2,79.1,957,19.5,50.2
175903041,.,.,.,.,.,.
175903042,.,.,.,.,.,.
175903101,.,.,.,.,.,.
175903102,.,.,.,.,.,.
175903103,.,.,.,.,.,.
175903107,.,.,.,.,.,.
175903110,.,.,.,.,.,.
175904001,63.3,65.5,83.3,961,.,47.6
175904101,.,.,.,.,.,.
175905001,36.4,33.3,57.1,.,19.5,68.2
175905101,.,.,.,.,.,.
175907001,50,54.2,83,831,19.6,59.5
175910001,63.4,67.6,85.4,.,20.4,65.4
175910101,.,.,.,.,.,.
175911001,70.3,69.4,88.2,985,20.2,43.5
175911101,.,.,.,.,.,.
176901001,33.3,36.7,77.8,.,16,81.3
176901101,.,.,.,.,.,.
176902002,56.3,60.7,81.7,877,17.5,48
176902041,.,.,.,.,.,.
176902104,.,.,.,.,.,.
176903001,55.8,57.1,82,913,18.8,80
176903041,.,.,.,.,.,.
176903101,.,.,.,.,.,.
177901001,76.5,75.8,96.8,.,18.9,83.3
177901101,.,.,.,.,.,.
177902001,63.5,64.8,88,1149,21.3,65.6
177902003,.,.,.,.,.,0
177902041,.,.,.,.,.,.
177902101,.,.,.,.,.,.
177902102,.,.,.,.,.,.
177902104,.,.,.,.,.,.
177902105,.,.,.,.,.,.
177903001,72.7,72.7,90.9,.,16.7,76.9
177905001,78.9,77.8,94.1,946,19.3,100
178801001,8.3,10,33.3,.,.,0
178802101,.,.,.,.,.,.
178803001,.,.,.,.,.,.
178804001,17.6,0,71.4,.,.,0
178901001,48,52,83.3,940,20.6,68.2
178901101,.,.,.,.,.,.
178902001,64.9,65.9,87.8,942,18.3,84
178902003,.,.,.,.,.,.
178902041,.,.,.,.,.,.
178902101,.,.,.,.,.,.
178902102,.,.,.,.,.,.
178902103,.,.,.,.,.,.
178903001,78.6,80.3,92.7,1009,21.6,81.7
178903003,.,.,.,.,.,.
178903041,.,.,.,.,.,.
178903101,.,.,.,.,.,.
178903103,.,.,.,.,.,.
178903104,.,.,.,.,.,.
178903105,.,.,.,.,.,.
178904001,64.4,64.7,89.6,1012,19.9,69.8
178904002,55.8,58.6,81.5,1020,20.9,71.1
178904003,36.4,37.3,64.2,834,16.8,60.2
178904004,50.4,51.2,79.7,837,16.8,67.3
178904005,45.5,45.8,77.7,1007,19.9,66.5
178904007,.,.,.,.,.,0
178904009,42.9,28.6,75,.,.,0
178904012,.,.,.,.,.,.
178904041,.,.,.,.,.,.
178904043,.,.,.,.,.,.
178904045,.,.,.,.,.,.
178904046,.,.,.,.,.,.
178904047,.,.,.,.,.,.
178904048,.,.,.,.,.,.
178904049,.,.,.,.,.,.
178904050,.,.,.,.,.,.
178904052,.,.,.,.,.,.
178904053,.,.,.,.,.,.
178904054,.,.,.,.,.,.
178904055,.,.,.,.,.,.
178904056,.,.,.,.,.,.
178904101,.,.,.,.,.,.
178904103,.,.,.,.,.,.
178904104,.,.,.,.,.,.
178904105,.,.,.,.,.,.
178904106,.,.,.,.,.,.
178904107,.,.,.,.,.,.
178904108,.,.,.,.,.,.
178904110,.,.,.,.,.,.
178904111,.,.,.,.,.,.
178904115,.,.,.,.,.,.
178904116,.,.,.,.,.,.
178904117,.,.,.,.,.,.
178904118,.,.,.,.,.,.
178904119,.,.,.,.,.,.
178904120,.,.,.,.,.,.
178904121,.,.,.,.,.,.
178904122,.,.,.,.,.,.
178904123,.,.,.,.,.,.
178904124,.,.,.,.,.,.
178904125,.,.,.,.,.,.
178904127,.,.,.,.,.,.
178904129,.,.,.,.,.,.
178904130,.,.,.,.,.,.
178904132,.,.,.,.,.,.
178904133,.,.,.,.,.,.
178904134,.,.,.,.,.,.
178904136,.,.,.,.,.,.
178904137,.,.,.,.,.,.
178904138,.,.,.,.,.,.
178904139,.,.,.,.,.,.
178904140,.,.,.,.,.,.
178904141,.,.,.,.,.,.
178904142,.,.,.,.,.,.
178904143,.,.,.,.,.,.
178904146,.,.,.,.,.,.
178904148,.,.,.,.,.,.
178904149,.,.,.,.,.,.
178904150,.,.,.,.,.,.
178904151,.,.,.,.,.,.
178904152,.,.,.,.,.,.
178904153,.,.,.,.,.,.
178904154,.,.,.,.,.,.
178905041,.,.,.,.,.,.
178905101,.,.,.,.,.,.
178906101,.,.,.,.,.,.
178908001,77.1,79.4,91.4,1065,20.6,91.2
178908041,.,.,.,.,.,.
178908101,.,.,.,.,.,.
178909001,52,54.9,74.3,827,16.5,81.3
178909002,0,0,40,.,.,28.6
178909003,.,.,.,.,.,.
178909004,.,.,.,.,.,.
178909041,.,.,.,.,.,.
178909042,.,.,.,.,.,.
178909101,.,.,.,.,.,.
178909103,.,.,.,.,.,.
178909104,.,.,.,.,.,.
178909105,.,.,.,.,.,.
178912001,68.6,71.7,88.2,952,20.6,72.6
178912002,.,.,.,.,.,0
178912003,.,.,.,.,.,.
178912041,.,.,.,.,.,.
178912101,.,.,.,.,.,.
178912104,.,.,.,.,.,.
178913001,62,63.8,95.7,.,17.7,91.7
178913041,.,.,.,.,.,.
178913101,.,.,.,.,.,.
178914001,66.4,69.1,85.3,1042,21,69.8
178914004,.,.,.,.,.,.
178914041,.,.,.,.,.,.
178914101,.,.,.,.,.,.
178914103,.,.,.,.,.,.
178914105,.,.,.,.,.,.
178914106,.,.,.,.,.,.
178915001,34.6,39.2,73.5,800,15.6,60
178915002,.,.,.,.,.,.
178915041,.,.,.,.,.,.
178915102,.,.,.,.,.,.
178915104,.,.,.,.,.,.
179901001,70.1,77.4,80.4,1214,21.6,75.8
179901002,36.4,12.5,80,.,.,0
179901041,.,.,.,.,.,.
179901101,.,.,.,.,.,.
179901102,.,.,.,.,.,.
179901103,.,.,.,.,.,.
180901001,42.6,42.2,83,.,18.2,.
180901041,.,.,.,.,.,.
180901101,.,.,.,.,.,.
180902001,83.9,83.9,100,.,20.3,90.5
180902101,.,.,.,.,.,.
180903001,60,50,100,.,.,.
180904101,.,.,.,.,.,.
181901001,53.8,56.3,84.4,953,19.9,74.1
181901041,.,.,.,.,.,.
181901101,.,.,.,.,.,.
181901102,.,.,.,.,.,.
181901103,.,.,.,.,.,.
181905001,85.4,87.8,93.9,1009,22.5,61.1
181905041,.,.,.,.,.,.
181905102,.,.,.,.,.,.
181906001,38.4,37.4,72.8,881,17.8,59.6
181906004,16.7,.,66.7,.,.,.
181906041,.,.,.,.,.,.
181906101,.,.,.,.,.,.
181906102,.,.,.,.,.,.
181906103,.,.,.,.,.,.
181906104,.,.,.,.,.,.
181906112,.,.,.,.,.,.
181907001,68.9,72.5,85.4,942,21,49.6
181907002,.,.,.,.,.,0
181907041,.,.,.,.,.,.
181907101,.,.,.,.,.,.
181907102,.,.,.,.,.,.
181907103,.,.,.,.,.,.
181907104,.,.,.,.,.,.
181908001,76.2,77.7,93.2,953,19.9,64.8
181908041,.,.,.,.,.,.
181908042,.,.,.,.,.,.
181908101,.,.,.,.,.,.
181908102,.,.,.,.,.,.
181908103,.,.,.,.,.,.
182901001,62.5,60,86.7,858,19.3,100
182902001,80,80,100,809,.,61.1
182902101,.,.,.,.,.,.
182903001,62.2,67.2,81.3,969,20.4,44
182903002,.,.,.,.,.,0
182903041,.,.,.,.,.,.
182903103,.,.,.,.,.,.
182903104,.,.,.,.,.,.
182903105,.,.,.,.,.,.
182904001,69.4,77.8,86.7,.,18.8,31.6
182904101,.,.,.,.,.,.
182905001,80,80,86.7,.,21.8,72.7
182906101,.,.,.,.,.,.
183801001,20,12.5,70,.,.,0
183901001,60,65,85,.,18.1,61.5
183901101,.,.,.,.,.,.
183902001,64.5,67.5,86.1,1050,21.2,64.3
183902042,.,.,.,.,.,.
183902101,.,.,.,.,.,.
183902103,.,.,.,.,.,.
183902104,.,.,.,.,.,.
183904001,82.4,81.3,100,.,21.2,62.5
184901001,37.8,38.9,85.7,956,.,60
184901041,.,.,.,.,.,.
184901101,.,.,.,.,.,.
184902001,61.5,63.1,88.2,978,18.8,52.2
184902002,.,.,.,.,.,40
184902003,.,.,.,.,.,.
184902041,.,.,.,.,.,.
184902104,.,.,.,.,.,.
184902105,.,.,.,.,.,.
184902106,.,.,.,.,.,.
184902107,.,.,.,.,.,.
184902108,.,.,.,.,.,.
184903001,37.5,34.6,71.4,1047,21,57.2
184903041,76.4,79.2,89.8,.,.,.
184903042,73.7,74.1,92.5,.,.,.
184903102,.,.,.,.,.,.
184903103,.,.,.,.,.,.
184903105,.,.,.,.,.,.
184903106,.,.,.,.,.,.
184903107,.,.,.,.,.,0
184903108,.,.,.,.,.,.
184903109,.,.,.,.,.,.
184903110,.,.,.,.,.,.
184904001,51.4,53.4,88.1,1024,.,47.1
184904041,.,.,.,.,.,.
184904101,.,.,.,.,.,.
184907001,80.7,82.9,92.4,1042,22.1,85.3
184907002,.,.,.,.,.,0
184907041,.,.,.,.,.,.
184907101,.,.,.,.,.,.
184907102,.,.,.,.,.,.
184907103,.,.,.,.,.,.
184908001,82,86.2,90,1101,22,48.2
184908041,.,.,.,.,.,.
184908101,.,.,.,.,.,.
184909001,81,83.9,91.4,990,20,46.7
184909101,.,.,.,.,.,.
184911101,.,.,.,.,.,.
185901001,48.3,48.3,82.8,.,17.5,41.7
185901041,.,.,.,.,.,.
185901101,.,.,.,.,.,.
185902001,71,74.2,93.3,.,22.3,77.4
185902041,.,.,.,.,.,.
185902101,.,.,.,.,.,.
185903001,51.8,52.5,83.5,.,19.8,75
185903041,.,.,.,.,.,.
185903101,.,.,.,.,.,.
185903102,.,.,.,.,.,.
185904001,62.5,87.5,75,.,20.2,100
186901001,.,.,.,.,.,37.5
186902001,43.7,44.6,78.5,946,19.3,33.8
186902041,.,.,.,.,.,.
186902101,.,.,.,.,.,.
186902102,.,.,.,.,.,.
186902104,.,.,.,.,.,.
186902105,.,.,.,.,.,0
186903001,78.9,78.9,94.7,1046,19.9,76.7
186903002,28.6,11.1,64.3,.,.,.
186903041,.,.,.,.,.,.
186903101,.,.,.,.,.,.
187901001,86.7,85.2,93.1,849,18.5,78.3
187903001,63.2,56.3,88.2,.,.,30.8
187903041,.,.,.,.,.,.
187903101,.,.,.,.,.,.
187904001,42.3,48.1,78.2,828,17.8,51
187904041,.,.,.,.,.,.
187904103,.,.,.,.,.,.
187906001,9.1,10,50,.,.,27.3
187906101,.,.,.,.,.,.
187907002,.,.,.,979,20.3,51.4
187907041,68.4,74.8,80.7,.,.,.
187907101,.,.,.,.,.,.
187907102,.,.,.,.,.,.
187907103,.,.,.,.,.,.
187910041,67.3,67.4,93.6,.,.,.
187910101,.,.,.,.,.,.
188801001,15.4,0,50,.,.,0
188901001,81.3,83.7,95.5,1031,22.1,72.6
188901002,50.6,55.1,73.6,1003,18.7,28.1
188901003,.,.,.,.,.,.
188901004,48.6,49.5,73.2,937,17.3,37.8
188901005,59.4,60.5,85.4,1030,21.6,52.7
188901041,.,.,.,.,.,.
188901042,.,.,.,.,.,.
188901043,.,.,.,.,.,.
188901044,.,.,.,.,.,.
188901045,.,.,.,.,.,.
188901046,.,.,.,.,.,.
188901047,.,.,.,.,.,.
188901048,.,.,.,.,.,.
188901101,.,.,.,.,.,.
188901102,.,.,.,.,.,.
188901103,.,.,.,.,.,.
188901104,.,.,.,.,.,.
188901105,.,.,.,.,.,.
188901106,.,.,.,.,.,.
188901107,.,.,.,.,.,.
188901108,.,.,.,.,.,.
188901109,.,.,.,.,.,.
188901110,.,.,.,.,.,.
188901111,.,.,.,.,.,.
188901112,.,.,.,.,.,.
188901113,.,.,.,.,.,.
188901114,.,.,.,.,.,.
188901115,.,.,.,.,.,.
188901119,.,.,.,.,.,.
188901120,.,.,.,.,.,.
188901121,.,.,.,.,.,.
188901122,.,.,.,.,.,.
188901123,.,.,.,.,.,.
188901124,.,.,.,.,.,.
188901125,.,.,.,.,.,.
188901126,.,.,.,.,.,.
188901127,.,.,.,.,.,.
188901128,.,.,.,.,.,.
188901130,.,.,.,.,.,.
188901131,.,.,.,.,.,.
188901132,.,.,.,.,.,.
188901133,.,.,.,.,.,.
188901134,.,.,.,.,.,.
188901135,.,.,.,.,.,.
188901138,.,.,.,.,.,0
188901139,.,.,.,.,.,.
188901140,.,.,.,.,.,.
188901141,.,.,.,.,.,.
188901142,.,.,.,.,.,.
188901170,.,.,.,.,.,.
188902001,50,50.5,82.1,.,20.2,44
188902101,.,.,.,.,.,.
188902102,.,.,.,.,.,.
188903001,82.2,81.8,100,946,21.1,45.8
188903041,.,.,.,.,.,.
188903101,.,.,.,.,.,.
188904041,.,.,.,.,.,.
188904101,.,.,.,.,.,.
189901001,55.6,62.9,88.6,896,19.7,51.7
189901101,.,.,.,.,.,.
189902001,38.4,43.9,70.5,.,15.3,70.5
189902041,.,.,.,.,.,.
189902101,.,.,.,.,.,.
190903001,56.4,54.9,91.1,959,19.5,59.5
190903041,.,.,.,.,.,.
190903101,.,.,.,.,.,.
191901001,76.2,81.9,88.2,1065,21.8,82.6
191901002,.,.,.,1039,21.3,58.3
191901003,33.3,.,50,.,.,.
191901041,.,.,.,.,.,.
191901043,.,.,.,.,.,.
191901044,78.8,83.5,91.1,.,.,.
191901101,.,.,.,.,.,.
191901104,.,.,.,.,.,.
191901105,.,.,.,.,.,.
191901106,.,.,.,.,.,.
191901107,.,.,.,.,.,.
191901108,.,.,.,.,.,.
191901109,.,.,.,.,.,.
192901001,72.9,75,87.5,979,20.5,57.8
192901041,.,.,.,.,.,.
192901101,.,.,.,.,.,.
193801001,.,.,.,.,.,.
193902001,45,44.4,78.9,891,19.4,77.8
194902001,61.5,60.9,91.3,.,19,75
194902041,.,.,.,.,.,.
194902101,.,.,.,.,.,.
194903001,65.9,75,79.1,.,20.3,81.5
194903102,.,.,.,.,.,.
194903103,.,.,.,.,.,.
194904002,33,34.6,64,.,19.3,49.2
194904042,.,.,.,.,.,.
194904103,.,.,.,.,.,.
194905001,54.2,62.5,83.3,993,19.8,65.4
194905041,.,.,.,.,.,.
194905101,.,.,.,.,.,.
195901001,41.2,41.6,74.1,813,.,37.1
195901042,.,.,.,.,.,.
195901101,.,.,.,.,.,.
195901103,.,.,.,.,.,.
195901106,.,.,.,.,.,.
195901109,.,.,.,.,.,.
195901200,.,.,.,.,.,.
195902001,52.9,52.9,100,.,.,21.1
196901001,77.8,82.4,94.4,.,20.3,72.7
196901102,.,.,.,.,.,.
196902001,76.9,77.3,96,990,17.8,83.3
196902041,.,.,.,.,.,.
196902102,.,.,.,.,.,.
196903001,71.6,75,85.9,976,19.8,69.8
196903041,.,.,.,.,.,.
196903103,.,.,.,.,.,.
197902001,87.5,87.5,100,.,18.9,75
198901001,71.9,75,86.7,878,19.2,100
198901041,.,.,.,.,.,.
198901101,.,.,.,.,.,.
198902001,0,0,63.6,705,.,66.7
198902101,.,.,.,.,.,.
198903001,53.4,57.7,86.2,947,20,69.6
198903041,.,.,.,.,.,.
198903101,.,.,.,.,.,.
198905002,35.5,37,64.7,885,15.7,44.8
198905042,.,.,.,.,.,.
198905102,.,.,.,.,.,.
198905103,.,.,.,.,.,.
198906001,76,80,86.4,.,.,.
198906101,.,.,.,.,.,.
199901001,.,.,.,1066,21.9,73.7
199901002,60,.,60,.,.,0
199901003,87.4,88.8,94,.,.,.
199901042,.,.,.,.,.,.
199901043,.,.,.,.,.,.
199901101,.,.,.,.,.,.
199901102,.,.,.,.,.,.
199901103,.,.,.,.,.,.
199901105,.,.,.,.,.,.
199901106,.,.,.,.,.,.
199901107,.,.,.,.,.,.
199901108,.,.,.,.,.,.
199901109,.,.,.,.,.,.
199901110,.,.,.,.,.,.
199902002,62.2,63.2,91,919,19.1,56.7
199902003,.,.,.,.,.,0
199902041,.,.,.,.,.,.
199902102,.,.,.,.,.,.
199902103,.,.,.,.,.,.
199902104,.,.,.,.,.,.
200901001,69.6,73.1,84.6,1043,20.7,71.6
200901002,.,.,.,.,.,0
200901041,.,.,.,.,.,.
200901101,.,.,.,.,.,.
200902001,85,86.5,94.7,.,19.3,89.7
200902101,.,.,.,.,.,.
200904001,66.7,67.5,89.7,.,19.4,59
200904002,.,.,.,.,.,.
200904041,.,.,.,.,.,.
200904101,.,.,.,.,.,.
200906101,.,.,.,.,.,.
200906102,.,.,.,.,.,.
201902001,64.4,69,81.4,1062,20.3,55.4
201902041,.,.,.,.,.,.
201902103,.,.,.,.,.,.
201902104,.,.,.,.,.,.
201902105,.,.,.,.,.,.
201902107,.,.,.,.,.,.
201902108,.,.,.,.,.,.
201903001,90.9,90.9,90.9,.,.,30
201904001,28.6,35,73.7,.,17.6,75
201904041,.,.,.,.,.,.
201904101,.,.,.,.,.,.
201907001,72.7,73.3,89.7,.,21.6,78.9
201907101,.,.,.,.,.,.
201908001,63.3,72.4,85.2,.,19.9,42.9
201908101,.,.,.,.,.,.
201910002,63.3,66.7,81,.,18.7,63.4
201910041,.,.,.,.,.,.
201910102,.,.,.,.,.,.
201910104,.,.,.,.,.,.
201913001,70.6,80,81.8,.,21.3,70.8
201914001,52.3,60.7,72.6,.,18.7,47.1
201914041,.,.,.,.,.,.
201914104,.,.,.,.,.,.
202903001,76.6,78.3,88.9,951,19.9,60.4
202903041,.,.,.,.,.,.
202903101,.,.,.,.,.,.
202905002,50,50,91.2,827,19.8,100
202905102,.,.,.,.,.,.
203901002,61.3,64.5,80,.,16.6,52.6
203901003,.,.,.,.,.,.
203901101,.,.,.,.,.,.
203901102,.,.,.,.,.,.
203902001,44.8,51.9,68,.,17.7,86.7
203902101,.,.,.,.,.,.
204901001,44.3,47.1,77.7,910,19.5,44.4
204901041,.,.,.,.,.,.
204901102,.,.,.,.,.,.
204901103,.,.,.,.,.,.
204904001,48.7,53.8,76.6,874,20.2,50.6
204904041,.,.,.,.,.,.
204904101,.,.,.,.,.,.
204904102,.,.,.,.,.,.
205901001,53.7,66.4,74.2,989,20.1,41.7
205901041,.,.,.,.,.,.
205901101,.,.,.,.,.,.
205901102,.,.,.,.,.,.
205901104,.,.,.,.,.,.
205902001,73,74.4,92.8,998,19.1,86.1
205902041,.,.,.,.,.,.
205902101,.,.,.,.,.,.
205902102,.,.,.,.,.,.
205902103,.,.,.,.,.,.
205902104,.,.,.,.,.,.
205902105,.,.,.,.,.,.
205903001,64.8,69.3,89.1,1005,21.9,53.6
205903042,.,.,.,.,.,.
205903102,.,.,.,.,.,.
205903103,.,.,.,.,.,.
205903104,.,.,.,.,.,.
205904001,39.5,45.9,60.5,974,17.7,69.3
205904041,.,.,.,.,.,.
205904101,.,.,.,.,.,.
205904102,.,.,.,.,.,.
205905001,68.1,66.7,90,892,17.5,59.3
205905041,.,.,.,.,.,.
205905101,.,.,.,.,.,.
205906001,51.8,59.6,74.4,888,16.6,55.3
205906002,.,.,.,.,.,.
205906003,.,.,.,.,.,.
205906041,.,.,.,.,.,.
205906101,.,.,.,.,.,.
205906102,.,.,.,.,.,.
205906103,.,.,.,.,.,.
205907001,35.1,35.7,70,906,17.4,67.6
205907002,.,.,.,.,.,.
205907041,.,.,.,.,.,.
205907101,.,.,.,.,.,.
205907103,.,.,.,.,.,.
206901001,58.3,57.9,83.3,.,18.8,68.1
206901041,.,.,.,.,.,.
206901101,.,.,.,.,.,.
206902001,54.5,54.5,88.9,.,.,44.4
206903001,84.2,84.2,100,.,18.9,80
206903101,.,.,.,.,.,.
207901001,66.7,70,90.2,.,21.1,85.1
207901002,.,.,.,.,.,.
207901041,.,.,.,.,.,.
207901101,.,.,.,.,.,.
207901195,.,.,.,.,.,.
208901001,87.5,85.7,87.5,.,.,100
208902001,66.1,65.8,86.3,1137,21.2,66.7
208902002,.,.,.,.,.,.
208902041,.,.,.,.,.,.
208902101,.,.,.,.,.,.
208902102,.,.,.,.,.,.
208902105,.,.,.,.,.,.
208902106,.,.,.,.,.,.
208902107,.,.,.,.,.,.
208903001,61.5,61.5,91.7,.,20,81.8
209901001,59.1,60.5,93,955,20.6,.
209901101,.,.,.,.,.,.
209902001,.,.,.,.,.,28.6
210901001,47.2,53.3,72.4,967,19.5,78.7
210901041,.,.,.,.,.,.
210901101,.,.,.,.,.,.
210901102,.,.,.,.,.,.
210901104,.,.,.,.,.,.
210902001,55.8,65,75,.,17.8,86.4
210902041,.,.,.,.,.,.
210902102,.,.,.,.,.,.
210903002,57.1,59.3,79.7,.,19.1,67.7
210904001,25,23.1,74.1,.,17.7,88.9
210904041,.,.,.,.,.,.
210904101,.,.,.,.,.,.
210905001,67.3,73.9,78.7,.,17.8,63.2
210905041,.,.,.,.,.,.
210905101,.,.,.,.,.,.
210906101,.,.,.,.,.,.
211901101,.,.,.,.,.,.
211902001,77.4,81.1,90.4,.,20,94.4
211902041,.,.,.,.,.,.
211902102,.,.,.,.,.,.
212801101,.,.,.,.,.,.
212802001,44,9.1,70.8,.,.,4.3
212803001,.,.,.,.,.,.
212901001,46.2,50,71.4,902,15.4,61.9
212901041,.,.,.,.,.,.
212901101,.,.,.,.,.,.
212902001,79.4,83.7,91.9,978,20.1,53.4
212902002,.,.,.,.,.,.
212902041,.,.,.,.,.,.
212902101,.,.,.,.,.,.
212902102,.,.,.,.,.,.
212903001,75.8,79.5,90,988,20.3,52.9
212903002,.,.,.,.,.,.
212903041,.,.,.,.,.,.
212903101,.,.,.,.,.,.
212903102,.,.,.,.,.,.
212903103,.,.,.,.,.,.
212903104,.,.,.,.,.,.
212904002,74,77,88.9,981,.,45.2
212904041,.,.,.,.,.,.
212904102,.,.,.,.,.,.
212905001,63.5,65.8,83.1,1030,21,63.4
212905003,44.9,49.7,72.2,938,18.6,40.6
212905007,.,.,.,.,.,2.9
212905008,.,.,.,.,.,.
212905009,.,.,.,.,.,.
212905041,.,.,.,.,.,.
212905042,.,.,.,.,.,.
212905043,.,.,.,.,.,.
212905044,.,.,.,.,.,.
212905045,.,.,.,.,.,.
212905047,.,.,.,.,.,.
212905101,.,.,.,.,.,.
212905102,.,.,.,.,.,.
212905103,.,.,.,.,.,.
212905104,.,.,.,.,.,.
212905106,.,.,.,.,.,.
212905107,.,.,.,.,.,.
212905108,.,.,.,.,.,.
212905109,.,.,.,.,.,.
212905110,.,.,.,.,.,.
212905111,.,.,.,.,.,.
212905112,.,.,.,.,.,.
212905114,.,.,.,.,.,.
212905115,.,.,.,.,.,.
212905116,.,.,.,.,.,.
212905117,.,.,.,.,.,.
212905118,.,.,.,.,.,.
212905119,.,.,.,.,.,.
212906001,75,79.2,85.1,1010,22.8,51
212906003,.,.,.,.,.,.
212906041,.,.,.,.,.,.
212906101,.,.,.,.,.,.
212906102,.,.,.,.,.,.
212906103,.,.,.,.,.,.
212906104,.,.,.,.,.,.
212909001,58.1,62.7,77.5,919,18.7,60.8
212909002,.,.,.,.,.,.
212909004,.,.,.,.,.,.
212909005,.,.,.,.,.,.
212909042,.,.,.,.,.,.
212909101,.,.,.,.,.,.
212909102,.,.,.,.,.,.
212909103,.,.,.,.,.,.
212910001,50.7,53.6,85.5,1067,19.5,63.3
212910003,.,.,.,.,.,.
212910041,.,.,.,.,.,.
212910101,.,.,.,.,.,.
213801001,26.7,30.8,64.3,.,.,0
213901001,74.6,76.3,87.8,1025,22.1,78.2
213901041,.,.,.,.,.,.
213901101,.,.,.,.,.,.
213901102,.,.,.,.,.,.
214901001,34.5,36.4,70.1,869,15.9,65.4
214901041,.,.,.,.,.,.
214901042,.,.,.,.,.,.
214901102,.,.,.,.,.,.
214901103,.,.,.,.,.,.
214901104,.,.,.,.,.,.
214901105,.,.,.,.,.,.
214901107,.,.,.,.,.,.
214901108,.,.,.,.,.,.
214901110,.,.,.,.,.,.
214901111,.,.,.,.,.,.
214902001,80,86.7,92.3,.,18.8,66.7
214902101,.,.,.,.,.,.
214903001,37.9,41.6,59.7,.,16.3,59.3
214903002,.,.,.,.,.,.
214903003,.,.,.,.,.,.
214903041,.,.,.,.,.,.
214903101,.,.,.,.,.,.
214903102,.,.,.,.,.,.
214903103,.,.,.,.,.,.
214903104,.,.,.,.,.,.
214903105,.,.,.,.,.,.
214903106,.,.,.,.,.,.
215901001,52.9,58.6,79.8,978,21.8,56.7
215901002,.,.,.,.,.,.
215901041,.,.,.,.,.,.
215901101,.,.,.,.,.,.
215901102,.,.,.,.,.,.
215901103,.,.,.,.,.,.
216901001,83.3,81.8,100,.,20.7,83.3
216901005,.,.,.,.,.,.
216901041,.,.,.,.,.,.
216901101,.,.,.,.,.,.
216901180,.,.,.,.,.,.
216901195,.,.,.,.,.,.
216901201,.,.,.,.,.,.
217901001,73.1,76,91.7,.,19.1,78.6
217901101,.,.,.,.,.,.
218901001,79.5,84.3,86.7,906,18.7,77.6
218901041,.,.,.,.,.,.
218901101,.,.,.,.,.,.
219901001,60,61.5,92.9,980,21.3,76.2
219901101,.,.,.,.,.,.
219903001,62.9,64.8,88.8,1100,19.6,60.6
219903041,.,.,.,.,.,.
219903101,.,.,.,.,.,.
219903102,.,.,.,.,.,.
219905001,42.9,42.9,78.9,.,17.9,63.3
219905101,.,.,.,.,.,.
220801001,60.7,56,100,.,.,25
220802101,.,.,.,.,.,.
220803001,36.8,31.3,69.2,.,.,11.8
220804001,25,17.6,46.7,.,.,1.4
220804002,25,7.1,66.7,.,.,0
220806001,11.1,11.1,.,.,.,0
220807001,18.2,18.2,.,.,.,5.9
220808001,.,.,.,.,.,.
220809001,90.3,89.3,100,.,.,.
220901001,63.9,68.5,82,1049,21.1,66.3
220901002,45.1,49.1,69.7,899,18,46.2
220901003,65.2,70,81.3,1053,21.3,73.2
220901004,70.9,75,85,974,19.7,62.6
220901005,80.9,83.4,92.1,1087,21.8,73.3
220901006,33.3,28.6,66.7,955,.,15.3
220901007,.,.,.,.,.,.
220901008,.,.,.,.,.,.
220901009,58.2,59.8,85.1,.,.,.
220901010,.,.,.,.,.,.
220901041,.,.,.,.,.,.
220901045,.,.,.,.,.,.
220901046,.,.,.,.,.,.
220901047,.,.,.,.,.,.
220901048,.,.,.,.,.,.
220901049,.,.,.,.,.,.
220901050,.,.,.,.,.,.
220901051,.,.,.,.,.,.
220901052,.,.,.,.,.,.
220901053,.,.,.,.,.,.
220901054,.,.,.,.,.,.
220901055,.,.,.,.,.,.
220901056,.,.,.,.,.,.
220901101,.,.,.,.,.,.
220901102,.,.,.,.,.,.
220901103,.,.,.,.,.,.
220901104,.,.,.,.,.,.
220901107,.,.,.,.,.,.
220901109,.,.,.,.,.,.
220901110,.,.,.,.,.,.
220901111,.,.,.,.,.,.
220901112,.,.,.,.,.,.
220901113,.,.,.,.,.,.
220901114,.,.,.,.,.,.
220901116,.,.,.,.,.,.
220901117,.,.,.,.,.,.
220901119,.,.,.,.,.,.
220901120,.,.,.,.,.,.
220901121,.,.,.,.,.,.
220901122,.,.,.,.,.,.
220901123,.,.,.,.,.,.
220901124,.,.,.,.,.,.
220901125,.,.,.,.,.,.
220901126,.,.,.,.,.,.
220901128,.,.,.,.,.,.
220901129,.,.,.,.,.,.
220901130,.,.,.,.,.,.
220901131,.,.,.,.,.,.
220901132,.,.,.,.,.,.
220901133,.,.,.,.,.,.
220901134,.,.,.,.,.,.
220901135,.,.,.,.,.,.
220901136,.,.,.,.,.,.
220901137,.,.,.,.,.,.
220901139,.,.,.,.,.,.
220901140,.,.,.,.,.,.
220901141,.,.,.,.,.,.
220901142,.,.,.,.,.,.
220901143,.,.,.,.,.,.
220901144,.,.,.,.,.,.
220901145,.,.,.,.,.,.
220901146,.,.,.,.,.,.
220901147,.,.,.,.,.,.
220901148,.,.,.,.,.,.
220901149,.,.,.,.,.,.
220901150,.,.,.,.,.,.
220901151,.,.,.,.,.,.
220901152,.,.,.,.,.,.
220901153,.,.,.,.,.,.
220901154,.,.,.,.,.,.
220901155,.,.,.,.,.,.
220901156,.,.,.,.,.,.
220901157,.,.,.,.,.,.
220901158,.,.,.,.,.,.
220901159,.,.,.,.,.,.
220901300,.,.,.,.,.,.
220902001,50.6,53.2,76,994,19.1,46
220902002,70.8,75,85.5,1049,20.7,66.9
220902003,.,.,.,.,.,0
220902004,.,.,.,.,.,.
220902007,.,.,.,.,.,.
220902009,.,.,.,.,.,.
220902010,60.6,62.3,84.5,1020,21.4,64.9
220902041,.,.,.,.,.,.
220902042,.,.,.,.,.,.
220902043,.,.,.,.,.,.
220902044,.,.,.,.,.,.
220902045,.,.,.,.,.,.
220902046,.,.,.,.,.,.
220902047,.,.,.,.,.,.
220902101,.,.,.,.,.,.
220902102,.,.,.,.,.,.
220902103,.,.,.,.,.,.
220902104,.,.,.,.,.,.
220902105,.,.,.,.,.,.
220902106,.,.,.,.,.,.
220902107,.,.,.,.,.,.
220902108,.,.,.,.,.,.
220902109,.,.,.,.,.,.
220902110,.,.,.,.,.,.
220902111,.,.,.,.,.,.
220902112,.,.,.,.,.,.
220902113,.,.,.,.,.,.
220902114,.,.,.,.,.,.
220902115,.,.,.,.,.,.
220902116,.,.,.,.,.,.
220902117,.,.,.,.,.,.
220902118,.,.,.,.,.,.
220902119,.,.,.,.,.,.
220902120,.,.,.,.,.,.
220904001,45.6,47,71.8,892,16.3,60
220904041,.,.,.,.,.,.
220904101,.,.,.,.,.,.
220904102,.,.,.,.,.,.
220904103,.,.,.,.,.,.
220904104,.,.,.,.,.,.
220905001,46.4,50.2,70.8,852,20.1,34.7
220905002,69.4,73.9,82.4,1012,21.4,78.4
220905003,46.9,52.7,69.1,846,16.9,48.7
220905004,42.5,43.4,69.8,798,16.9,39.1
220905005,42.1,47.4,71.2,979,19.4,58.2
220905006,44.7,48.7,72.4,836,17.1,54.5
220905008,43.1,44.5,73.2,934,20.3,41
220905009,29.7,35.7,59.6,784,16.1,38.4
220905010,60.2,63.8,82,1081,21.3,60.5
220905011,63.3,67.1,86,778,15.4,39.5
220905014,71.8,72.9,88.8,1001,20.7,75.1
220905015,64,69,82.8,975,21.2,63.9
220905016,32.4,33.7,65.1,762,15.8,52.1
220905017,31.4,23.8,55.2,.,.,11.8
220905018,.,.,.,.,.,.
220905019,.,.,.,.,.,.
220905021,27,27.3,60,.,.,5.6
220905024,.,.,.,.,.,.
220905026,.,.,.,.,.,.
220905035,.,.,.,.,.,.
220905040,.,.,.,.,.,.
220905041,.,.,.,.,.,.
220905042,.,.,.,.,.,.
220905043,.,.,.,.,.,.
220905044,.,.,.,.,.,.
220905045,.,.,.,.,.,.
220905046,.,.,.,.,.,.
220905047,.,.,.,.,.,.
220905048,.,.,.,.,.,.
220905049,.,.,.,.,.,.
220905050,.,.,.,.,.,.
220905051,.,.,.,.,.,.
220905052,.,.,.,.,.,.
220905053,.,.,.,.,.,.
220905054,.,.,.,.,.,.
220905055,.,.,.,.,.,.
220905056,.,.,.,.,.,.
220905057,.,.,.,.,.,.
220905058,.,.,.,.,.,.
220905059,.,.,.,.,.,.
220905060,.,.,.,.,.,.
220905061,.,.,.,.,.,.
220905062,.,.,.,.,.,.
220905063,.,.,.,.,.,.
220905064,.,.,.,.,.,.
220905066,.,.,.,.,.,.
220905067,.,.,.,.,.,.
220905068,.,.,.,.,.,.
220905069,.,.,.,.,.,.
220905101,.,.,.,.,.,.
220905103,.,.,.,.,.,.
220905104,.,.,.,.,.,.
220905105,.,.,.,.,.,.
220905107,.,.,.,.,.,.
220905110,.,.,.,.,.,.
220905111,.,.,.,.,.,.
220905114,.,.,.,.,.,.
220905115,.,.,.,.,.,.
220905116,.,.,.,.,.,.
220905117,.,.,.,.,.,.
220905119,.,.,.,.,.,.
220905120,.,.,.,.,.,.
220905121,.,.,.,.,.,.
220905122,.,.,.,.,.,.
220905123,.,.,.,.,.,.
220905124,.,.,.,.,.,.
220905125,.,.,.,.,.,.
220905126,.,.,.,.,.,.
220905127,.,.,.,.,.,.
220905130,.,.,.,.,.,.
220905132,.,.,.,.,.,.
220905133,.,.,.,.,.,.
220905134,.,.,.,.,.,.
220905135,.,.,.,.,.,.
220905137,.,.,.,.,.,.
220905138,.,.,.,.,.,.
220905139,.,.,.,.,.,.
220905141,.,.,.,.,.,.
220905143,.,.,.,.,.,.
220905144,.,.,.,.,.,.
220905146,.,.,.,.,.,.
220905147,.,.,.,.,.,.
220905148,.,.,.,.,.,.
220905149,.,.,.,.,.,.
220905150,.,.,.,.,.,.
220905151,.,.,.,.,.,.
220905152,.,.,.,.,.,.
220905153,.,.,.,.,.,.
220905154,.,.,.,.,.,.
220905156,.,.,.,.,.,.
220905157,.,.,.,.,.,.
220905159,.,.,.,.,.,.
220905160,.,.,.,.,.,.
220905161,.,.,.,.,.,.
220905162,.,.,.,.,.,.
220905163,.,.,.,.,.,.
220905165,.,.,.,.,.,.
220905166,.,.,.,.,.,.
220905167,.,.,.,.,.,.
220905168,.,.,.,.,.,.
220905169,.,.,.,.,.,.
220905171,.,.,.,.,.,.
220905172,.,.,.,.,.,.
220905175,.,.,.,.,.,.
220905176,.,.,.,.,.,.
220905177,.,.,.,.,.,.
220905178,.,.,.,.,.,.
220905180,.,.,.,.,.,.
220905184,.,.,.,.,.,.
220905186,.,.,.,.,.,.
220905187,.,.,.,.,.,.
220905188,.,.,.,.,.,.
220905190,.,.,.,.,.,.
220905194,.,.,.,.,.,.
220905206,.,.,.,.,.,.
220905207,.,.,.,.,.,.
220905208,.,.,.,.,.,.
220905209,.,.,.,.,.,.
220905210,.,.,.,.,.,.
220905211,.,.,.,.,.,.
220905212,.,.,.,.,.,.
220905216,.,.,.,.,.,.
220905217,.,.,.,.,.,.
220905219,.,.,.,.,.,.
220905220,.,.,.,.,.,.
220905221,.,.,.,.,.,.
220905222,.,.,.,.,.,.
220905223,.,.,.,.,.,.
220905224,.,.,.,.,.,.
220905230,28.7,33.6,57.9,.,.,.
220905235,.,.,.,.,.,.
220905236,.,.,.,.,.,.
220905242,.,.,.,.,.,.
220905245,.,.,.,.,.,.
220905246,.,.,.,.,.,.
220905247,.,.,.,.,.,.
220905248,.,.,.,.,.,.
220905249,.,.,.,.,.,.
220905251,.,.,.,.,.,.
220905252,.,.,.,.,.,.
220905254,.,.,.,.,.,.
220906001,83.3,85.9,93.8,1085,22.6,86.7
220906004,83.3,85.4,93.2,1084,22.1,90.1
220906006,.,.,.,.,.,0
220906038,.,.,.,.,.,.
220906041,.,.,.,.,.,.
220906042,.,.,.,.,.,.
220906043,.,.,.,.,.,.
220906044,.,.,.,.,.,.
220906101,.,.,.,.,.,.
220906102,.,.,.,.,.,.
220906103,.,.,.,.,.,.
220906104,.,.,.,.,.,.
220906105,.,.,.,.,.,.
220906106,.,.,.,.,.,.
220906107,.,.,.,.,.,.
220906108,.,.,.,.,.,.
220906109,.,.,.,.,.,.
220906110,.,.,.,.,.,.
220906111,.,.,.,.,.,.
220907001,77.5,80.3,91.2,1052,20.6,83.9
220907002,70.8,73.7,89.2,991,20.7,66.7
220907003,.,.,.,.,.,.
220907039,.,.,.,.,.,33.3
220907041,.,.,.,.,.,.
220907042,.,.,.,.,.,.
220907043,.,.,.,.,.,.
220907044,.,.,.,.,.,.
220907101,.,.,.,.,.,.
220907102,.,.,.,.,.,.
220907103,.,.,.,.,.,.
220907104,.,.,.,.,.,.
220907105,.,.,.,.,.,.
220907106,.,.,.,.,.,.
220907107,.,.,.,.,.,.
220907108,.,.,.,.,.,.
220907109,.,.,.,.,.,.
220907110,.,.,.,.,.,.
220907111,.,.,.,.,.,.
220907112,.,.,.,.,.,.
220907113,.,.,.,.,.,.
220907114,.,.,.,.,.,.
220907115,.,.,.,.,.,.
220907116,.,.,.,.,.,.
220907117,.,.,.,.,.,.
220908002,61.7,63.5,88.8,.,.,.
220908003,65.4,68.8,84.3,.,.,.
220908006,.,.,.,.,.,0
220908041,.,.,.,.,.,.
220908042,.,.,.,.,.,.
220908043,.,.,.,.,.,.
220908101,.,.,.,.,.,.
220908102,.,.,.,.,.,.
220908103,.,.,.,.,.,.
220908105,.,.,.,.,.,.
220908106,.,.,.,.,.,.
220908107,.,.,.,.,.,.
220908109,.,.,.,.,.,.
220908110,.,.,.,.,.,.
220908111,.,.,.,.,.,.
220908112,.,.,.,.,.,.
220908201,.,.,.,.,.,.
220908202,.,.,.,.,.,.
220908204,.,.,.,.,.,.
220908304,.,.,.,.,.,.
220909001,33.3,35.7,80,842,16.6,.
220909041,.,.,.,.,.,.
220909101,.,.,.,.,.,.
220910001,25.4,26.9,66.7,893,17.5,38.6
220910005,.,.,.,.,.,0
220910009,.,.,.,.,.,.
220910041,.,.,.,.,.,.
220910101,.,.,.,.,.,.
220910103,.,.,.,.,.,.
220912001,85.6,88.1,94.2,986,21.2,70
220912002,80.5,81.4,93,1000,20.7,85.3
220912041,.,.,.,.,.,.
220912042,.,.,.,.,.,.
220912101,.,.,.,.,.,.
220912102,.,.,.,.,.,.
220912103,.,.,.,.,.,.
220912104,.,.,.,.,.,.
220912105,.,.,.,.,.,.
220912106,.,.,.,.,.,.
220912107,.,.,.,.,.,.
220912108,.,.,.,.,.,.
220914001,73.7,75,90,962,19.3,68.6
220914041,.,.,.,.,.,.
220914101,.,.,.,.,.,.
220914102,.,.,.,.,.,.
220914103,.,.,.,.,.,.
220915001,58,58.2,87.7,1004,21.1,52.7
220915002,.,.,.,.,.,.
220915041,.,.,.,.,.,.
220915042,.,.,.,.,.,.
220915102,.,.,.,.,.,.
220915103,.,.,.,.,.,.
220915104,.,.,.,.,.,.
220915105,.,.,.,.,.,.
220915106,.,.,.,.,.,.
220915107,.,.,.,.,.,.
220915108,.,.,.,.,.,.
220916001,.,.,.,1017,21,67.9
220916002,.,.,.,1012,20.9,67.9
220916004,.,.,.,.,.,.
220916005,50,57.1,66.7,.,.,6
220916007,.,.,.,.,.,.
220916041,67.7,70,88.3,.,.,.
220916042,85.4,86.3,95.4,.,.,.
220916043,74.5,77.2,90.7,.,.,.
220916044,78.8,80.2,93.1,.,.,.
220916045,89.2,89.7,97.6,.,.,.
220916102,.,.,.,.,.,.
220916103,.,.,.,.,.,.
220916105,.,.,.,.,.,.
220916106,.,.,.,.,.,.
220916107,.,.,.,.,.,.
220916108,.,.,.,.,.,.
220916110,.,.,.,.,.,.
220916111,.,.,.,.,.,.
220916112,.,.,.,.,.,.
220916113,.,.,.,.,.,.
220916114,.,.,.,.,.,.
220916115,.,.,.,.,.,.
220916116,.,.,.,.,.,.
220916117,.,.,.,.,.,.
220916118,.,.,.,.,.,.
220916119,.,.,.,.,.,.
220916120,.,.,.,.,.,.
220916121,.,.,.,.,.,.
220916122,.,.,.,.,.,.
220916123,.,.,.,.,.,.
220917001,36.1,38.6,62,922,20.8,42.8
220917003,25,0,83.3,.,.,0
220917004,.,.,.,.,.,.
220917005,.,.,.,.,.,.
220917041,.,.,.,.,.,.
220917101,.,.,.,.,.,.
220917102,.,.,.,.,.,.
220917104,.,.,.,.,.,.
220918001,59.5,62.1,82.1,994,20.4,55.9
220918002,0,0,83.3,.,.,0
220918003,.,.,.,.,.,.
220918007,.,.,.,.,.,.
220918041,.,.,.,.,.,.
220918042,.,.,.,.,.,.
220918101,.,.,.,.,.,.
220918102,.,.,.,.,.,.
220918103,.,.,.,.,.,.
220918104,.,.,.,.,.,.
220918105,.,.,.,.,.,.
220918106,.,.,.,.,.,.
220919001,.,.,.,1094,23.5,.
220919003,92.1,93.7,97.3,.,.,.
220919041,.,.,.,.,.,.
220919043,.,.,.,.,.,.
220919101,.,.,.,.,.,.
220919102,.,.,.,.,.,.
220919103,.,.,.,.,.,.
220919104,.,.,.,.,.,.
220919105,.,.,.,.,.,.
220919106,.,.,.,.,.,.
220919107,.,.,.,.,.,.
220919108,.,.,.,.,.,.
220920001,75.4,77.5,91.4,981,20.5,50.6
220920003,26.3,20,58.3,.,.,.
220920004,.,.,.,.,.,.
220920041,.,.,.,.,.,.
220920101,.,.,.,.,.,.
220920102,.,.,.,.,.,.
220920103,.,.,.,.,.,.
220920104,.,.,.,.,.,.
220920105,.,.,.,.,.,.
221801001,35,25,76.5,.,.,0
221901001,61.7,63.3,84.2,1011,20.6,68.6
221901002,64.2,63.9,85.5,990,21,64.1
221901003,.,.,.,.,.,0
221901006,.,.,.,.,.,.
221901007,.,.,.,.,.,.
221901041,.,.,.,.,.,.
221901042,.,.,.,.,.,.
221901043,.,.,.,.,.,.
221901044,.,.,.,.,.,.
221901045,.,.,.,.,.,.
221901046,.,.,.,.,.,.
221901047,.,.,.,.,.,.
221901101,.,.,.,.,.,.
221901102,.,.,.,.,.,.
221901103,.,.,.,.,.,.
221901104,.,.,.,.,.,.
221901106,.,.,.,.,.,.
221901108,.,.,.,.,.,.
221901110,.,.,.,.,.,.
221901112,.,.,.,.,.,.
221901113,.,.,.,.,.,.
221901116,.,.,.,.,.,.
221901117,.,.,.,.,.,.
221901118,.,.,.,.,.,.
221901120,.,.,.,.,.,.
221901121,.,.,.,.,.,.
221901123,.,.,.,.,.,.
221901124,.,.,.,.,.,.
221901125,.,.,.,.,.,.
221901127,.,.,.,.,.,.
221901128,.,.,.,.,.,.
221901129,.,.,.,.,.,.
221901150,.,.,.,.,.,.
221901151,.,.,.,.,.,.
221901152,.,.,.,.,.,.
221901153,.,.,.,.,.,.
221901200,.,.,.,.,.,.
221904001,79.5,83.3,90.7,991,20.8,65.3
221904041,.,.,.,.,.,.
221904102,.,.,.,.,.,.
221904103,.,.,.,.,.,.
221904104,.,.,.,.,.,.
221905001,57.1,57.1,100,.,21.9,61.5
221911001,76.7,80.2,90.6,960,19.9,83.9
221911002,.,.,.,.,.,.
221911041,.,.,.,.,.,.
221911101,.,.,.,.,.,.
221911102,.,.,.,.,.,.
221912001,86.7,88.1,95.9,1050,22.3,75.1
221912041,.,.,.,.,.,.
221912101,.,.,.,.,.,.
221912102,.,.,.,.,.,.
221912103,.,.,.,.,.,.
221912104,.,.,.,.,.,.
221912105,.,.,.,.,.,.
222901001,66.7,83.3,60,.,21.4,100
222901041,.,.,.,.,.,.
222901101,.,.,.,.,.,.
223901001,57.9,66.4,75.2,922,19.2,54
223901041,.,.,.,.,.,.
223901101,.,.,.,.,.,.
223901102,.,.,.,.,.,.
223902001,90.5,90.5,95.2,918,15.4,66.7
223904001,92.3,92.3,100,.,20.9,63.6
224901001,50,46.7,100,.,19.8,88.9
224901101,.,.,.,.,.,.
224902001,92.3,100,92.3,.,21.1,46.7
225902001,51.9,59.7,71.1,1024,20.8,43.5
225902002,.,.,.,.,.,0
225902003,.,.,.,.,.,.
225902041,.,.,.,.,.,.
225902042,.,.,.,.,.,.
225902101,.,.,.,.,.,.
225902102,.,.,.,.,.,.
225902103,.,.,.,.,.,.
225902104,.,.,.,.,.,.
225902105,.,.,.,.,.,.
225905101,.,.,.,.,.,.
225906001,55.6,58,81.4,1089,.,19.6
225906041,.,.,.,.,.,.
225906101,.,.,.,.,.,.
225907101,.,.,.,.,.,.
226901001,86.7,92.9,89.3,1029,22.1,66.7
226901002,.,.,.,.,.,.
226901101,.,.,.,.,.,.
226901180,.,.,.,.,.,.
226901195,.,.,.,.,.,.
226901199,.,.,.,.,.,.
226903001,14.8,9.5,62.5,1041,21.4,66.9
226903002,53.7,60.7,70.9,937,19.7,46.6
226903038,.,.,.,.,.,.
226903041,46.9,49.2,84.5,.,.,.
226903042,76.4,78.1,92.2,.,.,.
226903043,65.7,68.6,87.5,.,.,.
226903045,.,.,.,.,.,.
226903101,.,.,.,.,.,.
226903102,.,.,.,.,.,.
226903103,.,.,.,.,.,.
226903104,.,.,.,.,.,.
226903105,.,.,.,.,.,.
226903106,.,.,.,.,.,.
226903108,.,.,.,.,.,.
226903110,.,.,.,.,.,.
226903111,.,.,.,.,.,.
226903112,.,.,.,.,.,.
226903113,.,.,.,.,.,.
226903114,.,.,.,.,.,.
226903115,.,.,.,.,.,.
226903116,.,.,.,.,.,.
226903117,.,.,.,.,.,.
226903119,.,.,.,.,.,.
226903120,.,.,.,.,.,.
226903121,.,.,.,.,.,.
226903122,.,.,.,.,.,.
226905001,85.7,85.7,92.9,967,19.3,75
226905005,.,.,.,.,.,.
226905101,.,.,.,.,.,.
226905180,.,.,.,.,.,.
226905195,.,.,.,.,.,.
226905202,.,.,.,.,.,.
226906001,72,73.3,91.9,1086,21.3,86.4
226906002,.,.,.,.,.,.
226906041,.,.,.,.,.,.
226906101,.,.,.,.,.,.
226906180,.,.,.,.,.,.
226906191,.,.,.,.,.,.
226906195,.,.,.,.,.,.
226907001,54.8,58.6,72.3,940,18.9,74.1
226907002,.,.,.,.,.,.
226907005,.,.,.,.,.,.
226907041,.,.,.,.,.,.
226907101,.,.,.,.,.,.
226907103,.,.,.,.,.,.
226908001,40,38.9,64.7,.,.,36.4
226908003,.,.,.,.,.,.
226908101,.,.,.,.,.,.
226908180,.,.,.,.,.,.
227801001,11.8,12.5,.,.,.,3.3
227802101,.,.,.,.,.,.
227803101,.,.,.,.,.,.
227804101,73.7,73.7,100,.,.,.
227804102,.,.,.,.,.,.
227805041,40,40,88.9,.,.,.
227806004,.,.,.,.,.,.
227806005,.,.,.,.,.,.
227806007,.,.,.,.,.,.
227806008,.,.,.,.,.,.
227806009,.,.,.,.,.,.
227806010,.,.,.,.,.,.
227806012,.,.,.,.,.,.
227806014,.,.,.,.,.,.
227806015,.,.,.,.,.,.
227806016,.,.,.,.,.,.
227806017,.,.,.,.,.,.
227806020,40,38.5,76.9,.,.,.
227806021,.,.,.,.,.,.
227806022,.,.,.,.,.,.
227806023,.,.,.,.,.,.
227806024,.,.,.,.,.,.
227811101,.,.,.,.,.,.
227812001,.,.,.,.,.,.
227814001,75,72.7,100,1040,.,83.3
227816001,.,.,.,.,.,.
227817101,.,.,.,.,.,.
227818001,37.5,.,50,.,.,.
227901002,72.9,75.8,87.9,1116,20.2,84.3
227901003,39,46.2,57.3,1020,19.3,53.4
227901004,32.1,34,59.4,856,17.2,50
227901005,68.3,71.7,84.2,1095,21.4,72.2
227901006,23.1,25.2,46.7,779,14.9,42
227901007,39.1,47.7,60.9,867,16.7,31.1
227901008,47.7,51,74.6,916,18.9,52
227901009,82,86.1,90.5,1119,23.2,78.5
227901010,63.3,68.1,79.4,1135,20.7,83.7
227901012,.,.,.,.,.,.
227901013,83.9,86.5,94,1045,21.4,80.3
227901015,.,.,.,1023,.,18.2
227901017,42,43.9,69.3,.,.,.
227901030,31.6,0,63.6,.,.,.
227901032,15.4,25,41.7,.,.,.
227901035,80,75,100,.,.,.
227901036,.,.,.,.,.,.
227901043,.,.,.,.,.,.
227901044,.,.,.,.,.,.
227901045,.,.,.,.,.,.
227901046,.,.,.,.,.,.
227901047,.,.,.,.,.,.
227901048,.,.,.,.,.,.
227901049,.,.,.,.,.,.
227901051,.,.,.,.,.,.
227901052,.,.,.,.,.,.
227901053,.,.,.,.,.,.
227901054,.,.,.,.,.,.
227901055,.,.,.,.,.,.
227901057,.,.,.,.,.,.
227901058,.,.,.,.,.,.
227901059,.,.,.,.,.,.
227901060,.,.,.,.,.,.
227901061,.,.,.,.,.,.
227901101,.,.,.,.,.,.
227901102,.,.,.,.,.,.
227901103,.,.,.,.,.,.
227901104,.,.,.,.,.,.
227901105,.,.,.,.,.,.
227901106,.,.,.,.,.,.
227901107,.,.,.,.,.,.
227901108,.,.,.,.,.,.
227901109,.,.,.,.,.,.
227901110,.,.,.,.,.,.
227901111,.,.,.,.,.,.
227901112,.,.,.,.,.,.
227901113,.,.,.,.,.,.
227901114,.,.,.,.,.,.
227901115,.,.,.,.,.,.
227901116,.,.,.,.,.,.
227901117,.,.,.,.,.,.
227901118,.,.,.,.,.,.
227901119,.,.,.,.,.,.
227901120,.,.,.,.,.,.
227901121,.,.,.,.,.,.
227901122,.,.,.,.,.,.
227901123,.,.,.,.,.,.
227901124,.,.,.,.,.,.
227901125,.,.,.,.,.,.
227901126,.,.,.,.,.,.
227901127,.,.,.,.,.,.
227901128,.,.,.,.,.,.
227901129,.,.,.,.,.,.
227901130,.,.,.,.,.,.
227901132,.,.,.,.,.,.
227901133,.,.,.,.,.,.
227901136,.,.,.,.,.,.
227901138,.,.,.,.,.,.
227901139,.,.,.,.,.,.
227901140,.,.,.,.,.,.
227901141,.,.,.,.,.,.
227901142,.,.,.,.,.,.
227901143,.,.,.,.,.,.
227901144,.,.,.,.,.,.
227901145,.,.,.,.,.,.
227901146,.,.,.,.,.,.
227901147,.,.,.,.,.,.
227901148,.,.,.,.,.,.
227901149,.,.,.,.,.,.
227901150,.,.,.,.,.,.
227901151,.,.,.,.,.,.
227901152,.,.,.,.,.,.
227901154,.,.,.,.,.,.
227901155,.,.,.,.,.,.
227901156,.,.,.,.,.,.
227901157,.,.,.,.,.,.
227901158,.,.,.,.,.,.
227901159,.,.,.,.,.,.
227901160,.,.,.,.,.,.
227901161,.,.,.,.,.,.
227901162,.,.,.,.,.,.
227901163,.,.,.,.,.,.
227901164,.,.,.,.,.,.
227901165,.,.,.,.,.,.
227901166,.,.,.,.,.,.
227901168,.,.,.,.,.,.
227901170,.,.,.,.,.,.
227901171,.,.,.,.,.,.
227901172,.,.,.,.,.,.
227901173,.,.,.,.,.,.
227901174,.,.,.,.,.,.
227901175,.,.,.,.,.,.
227901176,.,.,.,.,.,.
227901178,.,.,.,.,.,.
227901179,.,.,.,.,.,.
227901180,.,.,.,.,.,.
227901181,.,.,.,.,.,.
227901182,.,.,.,.,.,.
227901183,.,.,.,.,.,.
227901250,.,.,.,.,.,.
227901251,.,.,.,.,.,.
227904001,71.4,74.2,87.1,1022,20.7,73.8
227904002,.,.,.,.,.,.
227904003,60.5,62.3,84.2,1021,20.9,67.2
227904041,.,.,.,.,.,.
227904042,.,.,.,.,.,.
227904043,.,.,.,.,.,.
227904044,.,.,.,.,.,.
227904045,.,.,.,.,.,.
227904101,.,.,.,.,.,.
227904102,.,.,.,.,.,.
227904103,.,.,.,.,.,.
227904104,.,.,.,.,.,.
227904105,.,.,.,.,.,.
227904106,.,.,.,.,.,.
227904107,.,.,.,.,.,.
227904108,.,.,.,.,.,.
227904109,.,.,.,.,.,.
227904110,.,.,.,.,.,.
227904111,.,.,.,.,.,.
227904112,.,.,.,.,.,.
227904113,.,.,.,.,.,.
227904114,.,.,.,.,.,.
227907001,43.3,47.8,69.1,902,18.5,48.7
227907002,.,.,.,.,.,0
227907003,.,.,.,.,.,.
227907041,.,.,.,.,.,.
227907101,.,.,.,.,.,.
227907102,.,.,.,.,.,.
227907104,.,.,.,.,.,.
227909001,92.9,94.4,97.3,1168,24.6,.
227909041,.,.,.,.,.,.
227909042,.,.,.,.,.,.
227909101,.,.,.,.,.,.
227909102,.,.,.,.,.,.
227909103,.,.,.,.,.,.
227909104,.,.,.,.,.,.
227909105,.,.,.,.,.,.
227909106,.,.,.,.,.,.
227910001,44.2,47,76.2,861,18,39.1
227910002,12.5,12.5,100,.,.,0
227910005,.,.,.,.,.,.
227910041,.,.,.,.,.,.
227910101,.,.,.,.,.,.
227910106,.,.,.,.,.,.
227910107,.,.,.,.,.,.
227910108,.,.,.,.,.,.
227910109,.,.,.,.,.,.
227910110,.,.,.,.,.,.
227912001,72.7,78.5,86,1014,21.5,85.7
227912041,.,.,.,.,.,.
227912101,.,.,.,.,.,.
227913001,83.7,85.3,94.2,1071,21.7,86.5
227913041,.,.,.,.,.,.
227913042,.,.,.,.,.,.
227913101,.,.,.,.,.,.
227913102,.,.,.,.,.,.
227913103,.,.,.,.,.,.
227913104,.,.,.,.,.,.
228901001,67.4,71.7,83.7,1012,.,52.8
228901102,.,.,.,.,.,.
228903001,50,48.8,81.9,979,18.5,53.4
228903041,.,.,.,.,.,.
228903103,.,.,.,.,.,.
228904001,60,57.1,100,839,.,88.9
228904101,.,.,.,.,.,.
228905001,83.3,83.3,91.7,957,.,60
228905101,.,.,.,.,.,.
229901001,58.5,57.9,89.7,792,16.2,70.8
229901041,.,.,.,.,.,.
229901101,.,.,.,.,.,.
229903001,87.8,89.2,95.2,859,18.9,71.6
229903041,.,.,.,.,.,.
229903102,.,.,.,.,.,.
229903103,.,.,.,.,.,.
229904001,64.5,68.3,83.1,968,.,54.2
229904041,.,.,.,.,.,.
229904101,.,.,.,.,.,.
229904103,.,.,.,.,.,.
229905001,66.7,66.7,96.3,969,.,45.8
229905101,.,.,.,.,.,.
229906001,25,25,66.7,844,.,57.1
229906101,.,.,.,.,.,.
230901001,72.2,75.5,90.2,1240,20.8,48.4
230901041,.,.,.,.,.,.
230901101,.,.,.,.,.,.
230902002,65.7,69.2,82.9,974,19.9,63.8
230902041,.,.,.,.,.,.
230902102,.,.,.,.,.,.
230902103,.,.,.,.,.,.
230903001,80,81.8,97.7,955,20.4,66.7
230903041,.,.,.,.,.,.
230903102,.,.,.,.,.,.
230904001,87.5,86.4,95.7,.,15.2,50
230904101,.,.,.,.,.,.
230905001,66.7,68.3,90.5,963,21.1,74.1
230905041,.,.,.,.,.,.
230905101,.,.,.,.,.,.
230905102,.,.,.,.,.,.
230906001,77.9,78.5,93.8,956,21.5,76.9
230906041,.,.,.,.,.,.
230906101,.,.,.,.,.,.
230908001,65.4,67.3,93.9,.,19.9,44.1
230908041,.,.,.,.,.,.
230908101,.,.,.,.,.,.
231901001,63.3,65.5,89.3,875,18.5,41.2
231901041,.,.,.,.,.,.
231901102,.,.,.,.,.,.
231902001,85.7,100,85.7,.,21,66.7
231902101,.,.,.,.,.,.
232801001,41.2,53.3,62.5,.,.,.
232901001,87.5,87.5,100,.,20.4,.
232902001,60,65.6,80,.,16.8,90.9
232902041,.,.,.,.,.,.
232902101,.,.,.,.,.,.
232903001,44.4,50,64.9,938,18.2,48.9
232903002,.,.,.,.,.,0
232903044,.,.,.,.,.,.
232903045,.,.,.,.,.,.
232903101,.,.,.,.,.,.
232903102,.,.,.,.,.,.
232903103,.,.,.,.,.,.
232903104,.,.,.,.,.,.
232903107,.,.,.,.,.,.
232903109,.,.,.,.,.,.
232904001,85.7,85.7,84.6,.,23.6,54.5
233801001,21.1,23.5,64.7,.,.,0
233901001,18.2,14.3,50,945,17.7,47.7
233901002,67.1,70.3,85.6,.,.,.
233901041,.,.,.,.,.,.
233901042,.,.,.,.,.,.
233901102,.,.,.,.,.,.
233901103,.,.,.,.,.,.
233901104,.,.,.,.,.,.
233901105,.,.,.,.,.,.
233901106,.,.,.,.,.,.
233901108,.,.,.,.,.,.
233901110,.,.,.,.,.,.
233901111,.,.,.,.,.,.
233901112,.,.,.,.,.,.
233901113,.,.,.,.,.,.
233903001,84.6,84.6,100,756,.,.
234801001,.,.,.,.,.,0
234902001,85,87.5,92.8,989,19.9,63.2
234902041,.,.,.,.,.,.
234902101,.,.,.,.,.,.
234902102,.,.,.,.,.,.
234903001,64.9,69.6,83.6,943,20.5,53.7
234903041,.,.,.,.,.,.
234903042,.,.,.,.,.,.
234903101,.,.,.,.,.,.
234904001,67.9,75.6,87.8,954,20.6,43.4
234904002,.,.,.,.,.,.
234904003,.,.,.,.,.,.
234904041,.,.,.,.,.,.
234904101,.,.,.,.,.,.
234904102,.,.,.,.,.,.
234904199,.,.,.,.,.,.
234905001,69.4,71.4,87.9,.,20.5,52.2
234905101,.,.,.,.,.,.
234906001,77.7,79.6,90.3,1058,.,44.8
234906041,.,.,.,.,.,.
234906101,.,.,.,.,.,.
234906102,.,.,.,.,.,.
234907002,55.3,58.8,84.2,973,19.7,47.8
234907041,.,.,.,.,.,.
234907042,.,.,.,.,.,.
234907101,.,.,.,.,.,.
234907102,.,.,.,.,.,.
234909001,72.7,77.3,80,.,.,14.3
234909041,.,.,.,.,.,.
234909101,.,.,.,.,.,.
235801001,.,.,.,.,.,.
235901001,31.7,33.3,73.8,843,17.7,21.3
235901041,.,.,.,.,.,.
235901101,.,.,.,.,.,.
235901103,.,.,.,.,.,.
235902004,.,.,.,.,.,.
235902006,40,15.8,65.4,.,.,2.1
235902008,.,.,.,.,.,.
235902011,0,.,.,.,.,.
235902012,49.9,51.7,78.7,.,.,.
235902041,.,.,.,.,.,.
235902042,.,.,.,.,.,.
235902043,.,.,.,.,.,.
235902101,.,.,.,.,.,.
235902102,.,.,.,.,.,.
235902103,.,.,.,.,.,.
235902104,.,.,.,.,.,.
235902105,.,.,.,.,.,.
235902106,.,.,.,.,.,.
235902108,.,.,.,.,.,.
235902110,.,.,.,.,.,.
235902111,.,.,.,.,.,.
235902112,.,.,.,.,.,.
235902114,.,.,.,.,.,.
235902115,.,.,.,.,.,.
235902117,.,.,.,.,.,.
235902118,.,.,.,.,.,.
235902123,.,.,.,.,.,.
235902207,.,.,.,.,.,.
235904101,.,.,.,.,.,.
236801001,66.7,.,75,.,.,.
236901002,46.7,43.6,86.5,975,17.9,60
236901042,.,.,.,.,.,.
236901102,.,.,.,.,.,.
236902002,60.8,65.3,81.8,968,18.4,62.9
236902004,.,.,.,.,.,0
236902005,.,.,.,.,.,.
236902041,.,.,.,.,.,.
236902042,.,.,.,.,.,.
236902101,.,.,.,.,.,.
236902102,.,.,.,.,.,.
236902103,.,.,.,.,.,.
236902104,.,.,.,.,.,.
236902106,.,.,.,.,.,.
237902001,38.7,41.4,67.2,859,18.3,67.3
237902041,.,.,.,.,.,.
237902101,.,.,.,.,.,.
237904002,51.8,55.8,74.9,916,17.8,57.2
237904041,.,.,.,.,.,.
237904101,.,.,.,.,.,.
237904102,.,.,.,.,.,.
237904103,.,.,.,.,.,.
237904104,.,.,.,.,.,.
237904105,.,.,.,.,.,.
237904106,.,.,.,.,.,.
237905002,69.9,79.6,79.2,.,17.2,52.5
237905041,.,.,.,.,.,.
237905105,.,.,.,.,.,.
238902001,73.8,76.8,92.7,1158,20.3,71.7
238902002,.,.,.,.,.,0
238902041,.,.,.,.,.,.
238902104,.,.,.,.,.,.
238902107,.,.,.,.,.,.
238902108,.,.,.,.,.,.
238902109,.,.,.,.,.,.
238904001,62.5,100,62.5,.,.,.
239901001,61.1,68.5,74.6,997,21.3,54
239901002,.,.,.,.,.,0
239901041,.,.,.,.,.,.
239901042,.,.,.,.,.,.
239901101,.,.,.,.,.,.
239901102,.,.,.,.,.,.
239901103,.,.,.,.,.,.
239903001,71.7,71.4,85.7,1025,19.6,63.6
239903101,.,.,.,.,.,.
240801001,23.1,17.6,50,.,.,0
240802001,22.2,0,37.5,.,.,0
240901001,32.8,39.7,55.5,814,15.8,38.8
240901002,39.7,42.4,68.2,849,16.6,40.3
240901003,30.4,38.5,46.8,806,16.4,44.9
240901007,.,.,.,.,.,.
240901010,.,.,.,.,.,.
240901041,.,.,.,.,.,.
240901042,.,.,.,.,.,.
240901043,.,.,.,.,.,.
240901044,.,.,.,.,.,.
240901101,.,.,.,.,.,.
240901102,.,.,.,.,.,.
240901104,.,.,.,.,.,.
240901105,.,.,.,.,.,.
240901106,.,.,.,.,.,.
240901107,.,.,.,.,.,.
240901108,.,.,.,.,.,.
240901109,.,.,.,.,.,.
240901110,.,.,.,.,.,.
240901111,.,.,.,.,.,.
240901112,.,.,.,.,.,.
240901115,.,.,.,.,.,.
240901116,.,.,.,.,.,.
240901119,.,.,.,.,.,.
240901120,.,.,.,.,.,.
240901121,.,.,.,.,.,.
240901122,.,.,.,.,.,.
240901123,.,.,.,.,.,.
240901124,.,.,.,.,.,.
240901125,.,.,.,.,.,.
240902101,.,.,.,.,.,.
240903001,48.4,51.8,76.6,884,17.1,53.4
240903002,42.6,44.3,71,823,16.1,45.8
240903003,68.8,71.9,85.7,915,17.9,74.3
240903004,.,.,.,.,.,.
240903006,.,.,.,.,.,.
240903009,27.6,32.1,59.8,.,.,.
240903041,.,.,.,.,.,.
240903043,.,.,.,.,.,.
240903044,.,.,.,.,.,.
240903045,.,.,.,.,.,.
240903046,.,.,.,.,.,.
240903047,.,.,.,.,.,.
240903048,.,.,.,.,.,.
240903053,.,.,.,.,.,.
240903103,.,.,.,.,.,.
240903105,.,.,.,.,.,.
240903107,.,.,.,.,.,.
240903109,.,.,.,.,.,.
240903110,.,.,.,.,.,.
240903111,.,.,.,.,.,.
240903112,.,.,.,.,.,.
240903113,.,.,.,.,.,.
240903114,.,.,.,.,.,.
240903115,.,.,.,.,.,.
240903116,.,.,.,.,.,.
240903117,.,.,.,.,.,.
240903118,.,.,.,.,.,.
240903119,.,.,.,.,.,.
240903120,.,.,.,.,.,.
240903121,.,.,.,.,.,.
240903122,.,.,.,.,.,.
240903123,.,.,.,.,.,.
240903124,.,.,.,.,.,.
240903125,.,.,.,.,.,.
240903126,.,.,.,.,.,.
240903127,.,.,.,.,.,.
240904001,79.2,88.9,87.5,836,.,76.5
240904002,.,.,.,.,.,.
240904041,.,.,.,.,.,.
240904102,.,.,.,.,.,.
241901001,65.1,66.7,90,949,17.9,68.1
241901041,.,.,.,.,.,.
241901101,.,.,.,.,.,.
241902001,75,78.9,86.7,958,19.6,78.3
241902041,.,.,.,.,.,.
241902101,.,.,.,.,.,.
241903001,71.4,72.2,88.4,953,19,60.5
241903041,.,.,.,.,.,.
241903102,.,.,.,.,.,.
241903103,.,.,.,.,.,.
241903107,.,.,.,.,.,.
241904001,54.2,55.8,80.8,955,18.7,57.1
241904041,.,.,.,.,.,.
241904102,.,.,.,.,.,.
241904103,.,.,.,.,.,.
241904104,.,.,.,.,.,.
241906001,74.4,73.7,97.4,925,18.8,51.6
241906101,.,.,.,.,.,.
242902001,56.4,58.3,74.4,.,20.1,57.7
242902041,.,.,.,.,.,.
242902101,.,.,.,.,.,.
242903001,73.7,78.9,94.1,.,20.4,86.7
242904001,.,.,.,.,.,80
242905001,.,.,.,.,.,.
242906001,100,100,100,.,23.4,100
243801001,87.5,100,85.7,.,.,.
243901001,73,75,91.3,999,20.6,71.1
243901002,.,.,.,.,.,0
243901041,.,.,.,.,.,.
243901101,.,.,.,.,.,.
243901103,.,.,.,.,.,.
243901104,.,.,.,.,.,.
243902001,65,71.1,78.9,1034,20.2,43.8
243902041,.,.,.,.,.,.
243902101,.,.,.,.,.,.
243903001,70,72.7,90.2,1001,21.9,55.5
243903041,.,.,.,.,.,.
243903101,.,.,.,.,.,.
243903103,.,.,.,.,.,.
243905001,51.5,53.6,80,989,21.8,58.3
243905002,73.2,74.7,89.7,1026,20.9,72.1
243905004,55.4,57.2,82.5,1019,19.8,53.2
243905006,40,.,.,.,.,2.8
243905009,.,.,.,.,.,.
243905041,.,.,.,.,.,.
243905045,.,.,.,.,.,.
243905047,.,.,.,.,.,.
243905048,.,.,.,.,.,.
243905101,.,.,.,.,.,.
243905102,.,.,.,.,.,.
243905103,.,.,.,.,.,.
243905104,.,.,.,.,.,.
243905105,.,.,.,.,.,.
243905107,.,.,.,.,.,.
243905108,.,.,.,.,.,.
243905109,.,.,.,.,.,.
243905110,.,.,.,.,.,.
243905111,.,.,.,.,.,.
243905112,.,.,.,.,.,.
243905114,.,.,.,.,.,.
243905115,.,.,.,.,.,.
243905116,.,.,.,.,.,.
243905117,.,.,.,.,.,.
243905118,.,.,.,.,.,.
243905119,.,.,.,.,.,.
243905120,.,.,.,.,.,.
243905121,.,.,.,.,.,.
243905123,.,.,.,.,.,.
243905125,.,.,.,.,.,.
243905126,.,.,.,.,.,.
243905207,.,.,.,.,.,.
243905208,.,.,.,.,.,.
243905209,.,.,.,.,.,.
243906001,73.5,73.1,93.6,.,.,.
243906101,.,.,.,.,.,.
244901001,50,50,83.3,.,.,50
244903001,57.5,59.3,87.3,1031,20.8,63.8
244903002,42.9,.,33.3,.,.,.
244903041,.,.,.,.,.,.
244903101,.,.,.,.,.,.
244903104,.,.,.,.,.,.
244903105,.,.,.,.,.,.
244905001,50,58.3,91.7,.,.,0
245801001,50,62.5,66.7,.,.,.
245801002,42.9,14.3,71.4,.,.,.
245901101,.,.,.,.,.,.
245902001,51.6,53.9,74.7,931,17.1,64.2
245902041,.,.,.,.,.,.
245902104,.,.,.,.,.,.
245902106,.,.,.,.,.,.
245903001,31.7,32.4,67,846,18,41.5
245903041,.,.,.,.,.,.
245903102,.,.,.,.,.,.
245903105,.,.,.,.,.,.
245904002,50,50,83.3,.,15.8,.
245904003,.,.,.,.,.,.
245904041,.,.,.,.,.,.
245904101,.,.,.,.,.,.
246902001,68.5,68.6,91.5,976,20,65
246902002,.,.,.,.,.,.
246902041,.,.,.,.,.,.
246902101,.,.,.,.,.,.
246904001,.,.,.,1086,21.4,84.8
246904002,.,.,.,.,.,6.7
246904003,.,.,.,.,.,.
246904004,82.9,84.4,92.7,.,.,.
246904040,.,.,.,.,.,.
246904041,.,.,.,.,.,.
246904042,.,.,.,.,.,.
246904101,.,.,.,.,.,.
246904102,.,.,.,.,.,.
246904103,.,.,.,.,.,.
246904104,.,.,.,.,.,.
246904105,.,.,.,.,.,.
246904106,.,.,.,.,.,.
246904107,.,.,.,.,.,.
246904108,.,.,.,.,.,.
246904197,.,.,.,.,.,.
246904199,.,.,.,.,.,.
246905001,76.5,78,87,939,18.3,74.2
246906001,74.6,77.8,92.7,1020,19.6,75.4
246906041,.,.,.,.,.,.
246906101,.,.,.,.,.,.
246907001,65.9,61.1,92.5,919,20.1,62.2
246907041,.,.,.,.,.,.
246907101,.,.,.,.,.,.
246908001,66.9,72.6,88.5,1025,21.4,58.9
246908005,.,.,.,.,.,.
246908041,.,.,.,.,.,.
246908101,.,.,.,.,.,.
246908102,.,.,.,.,.,.
246909001,72.6,75,89.3,1031,21.6,80.4
246909002,.,.,.,.,.,.
246909003,90.7,91.6,96.2,1116,24.4,93.5
246909004,78.3,80.6,93.8,1051,20.9,80.8
246909007,27.9,23.3,65.4,996,20.5,66.6
246909011,.,.,.,.,.,0
246909012,.,.,.,.,.,.
246909016,.,.,.,.,.,.
246909017,70.2,72.2,88.8,.,.,.
246909041,.,.,.,.,.,.
246909042,.,.,.,.,.,.
246909043,.,.,.,.,.,.
246909044,.,.,.,.,.,.
246909045,.,.,.,.,.,.
246909046,.,.,.,.,.,.
246909047,.,.,.,.,.,.
246909051,.,.,.,.,.,.
246909101,.,.,.,.,.,.
246909105,.,.,.,.,.,.
246909106,.,.,.,.,.,.
246909107,.,.,.,.,.,.
246909108,.,.,.,.,.,.
246909109,.,.,.,.,.,.
246909110,.,.,.,.,.,.
246909111,.,.,.,.,.,.
246909113,.,.,.,.,.,.
246909114,.,.,.,.,.,.
246909115,.,.,.,.,.,.
246909116,.,.,.,.,.,.
246909117,.,.,.,.,.,.
246909118,.,.,.,.,.,.
246909119,.,.,.,.,.,.
246909120,.,.,.,.,.,.
246909121,.,.,.,.,.,.
246909122,.,.,.,.,.,.
246909123,.,.,.,.,.,.
246909124,.,.,.,.,.,.
246909125,.,.,.,.,.,.
246909126,.,.,.,.,.,.
246909127,.,.,.,.,.,.
246909128,.,.,.,.,.,.
246909130,.,.,.,.,.,.
246909132,.,.,.,.,.,.
246909137,.,.,.,.,.,.
246911001,59.3,63.7,79.4,939,19.1,51.7
246911010,.,.,.,.,.,.
246911011,.,.,.,.,.,.
246911041,.,.,.,.,.,.
246911101,.,.,.,.,.,.
246911102,.,.,.,.,.,.
246911103,.,.,.,.,.,.
246912001,75.9,75.9,89.3,958,.,57.9
246912002,.,.,.,.,.,.
246912042,.,.,.,.,.,.
246912101,.,.,.,.,.,.
246913001,75.1,77.4,91.2,1036,22.4,65.9
246913002,81.6,86.1,91.7,1079,23.1,78.2
246913010,.,.,.,.,.,.
246913011,.,.,.,.,.,.
246913041,.,.,.,.,.,.
246913042,.,.,.,.,.,.
246913043,.,.,.,.,.,.
246913044,.,.,.,.,.,.
246913101,.,.,.,.,.,.
246913102,.,.,.,.,.,.
246913103,.,.,.,.,.,.
246913104,.,.,.,.,.,.
246913105,.,.,.,.,.,.
246913106,.,.,.,.,.,.
246913107,.,.,.,.,.,.
246913108,.,.,.,.,.,.
246913109,.,.,.,.,.,.
246913110,.,.,.,.,.,.
246913111,.,.,.,.,.,.
246914101,.,.,.,.,.,.
247901001,60.1,65.4,77.3,1012,20.3,54
247901002,.,.,.,.,.,.
247901003,.,.,.,.,.,.
247901004,.,.,.,.,.,.
247901041,.,.,.,.,.,.
247901101,.,.,.,.,.,.
247901102,.,.,.,.,.,.
247901103,.,.,.,.,.,.
247903001,72.9,77.2,85.2,998,20.3,71.4
247903002,.,.,.,.,.,.
247903003,.,.,.,.,.,.
247903004,.,.,.,.,.,.
247903041,.,.,.,.,.,.
247903101,.,.,.,.,.,.
247903103,.,.,.,.,.,.
247904001,66,73.1,75,931,20.1,88.7
247904002,.,.,.,.,.,.
247904041,.,.,.,.,.,.
247904101,.,.,.,.,.,.
247906001,46.3,49.3,83.9,958,19.6,62.5
247906002,.,.,.,.,.,.
247906004,.,.,.,.,.,.
247906041,.,.,.,.,.,.
247906101,.,.,.,.,.,.
248901001,46.6,58.6,67.6,1064,20.4,47.3
248901041,.,.,.,.,.,.
248901102,.,.,.,.,.,.
248901104,.,.,.,.,.,.
248902001,66.7,65.4,96.3,.,18.5,52.4
248902101,.,.,.,.,.,.
249901001,57.4,63,84.4,943,19.7,65.1
249901041,.,.,.,.,.,.
249901101,.,.,.,.,.,.
249902001,69.9,76.9,84.4,986,21.2,74.5
249902041,.,.,.,.,.,.
249902101,.,.,.,.,.,.
249902110,.,.,.,.,.,.
249903001,51.4,52.7,77.4,1026,22.1,57
249903002,.,.,.,.,.,0
249903041,.,.,.,.,.,.
249903101,.,.,.,.,.,.
249903102,.,.,.,.,.,.
249904001,70,75.9,83.3,904,17.2,100
249904041,.,.,.,.,.,.
249904101,.,.,.,.,.,.
249905001,62.3,65.8,82.1,990,21,50.3
249905002,.,.,.,.,.,16.7
249905041,.,.,.,.,.,.
249905101,.,.,.,.,.,.
249905102,.,.,.,.,.,.
249905103,.,.,.,.,.,.
249906001,71,71.2,89.2,1002,21.8,75.6
249906041,.,.,.,.,.,.
249906050,.,.,.,.,.,.
249906101,.,.,.,.,.,.
249908001,54.2,58.3,87.5,1006,20.3,28
250902001,72.3,74.4,90.2,1016,21.5,36.4
250902041,.,.,.,.,.,.
250902101,.,.,.,.,.,.
250903001,73.9,77.3,86.4,971,19.1,52.3
250903041,.,.,.,.,.,.
250903101,.,.,.,.,.,.
250903102,.,.,.,.,.,.
250904001,69.4,69,98.6,968,18.5,69
250904002,.,.,.,.,.,.
250904041,.,.,.,.,.,.
250904101,.,.,.,.,.,.
250904102,.,.,.,.,.,.
250905001,75,75,96.3,.,19.8,44.4
250906001,66.7,70.2,90.5,958,19.8,43.5
250906002,.,.,.,.,.,.
250906101,.,.,.,.,.,.
250907001,82,82.6,97.2,994,18.9,72.2
250907041,.,.,.,.,.,.
250907103,.,.,.,.,.,.
251901001,72.1,76.2,89.4,934,19.3,60.3
251901041,.,.,.,.,.,.
251901101,.,.,.,.,.,.
251901102,.,.,.,.,.,.
251902001,74.1,77.8,88.9,.,19.7,90.3
251902041,.,.,.,.,.,.
251902101,.,.,.,.,.,.
252901001,71.4,73.8,85.5,1023,21.5,55.3
252901002,.,.,.,.,.,0
252901041,.,.,.,.,.,.
252901101,.,.,.,.,.,.
252901104,.,.,.,.,.,.
252901105,.,.,.,.,.,.
252902001,100,100,100,.,.,55.6
252902101,.,.,.,.,.,.
252903001,76.1,80,90.2,988,20.3,80
252903041,.,.,.,.,.,.
252903101,.,.,.,.,.,.
253901001,49.2,55.9,64.2,933,17.5,43.9
253901041,.,.,.,.,.,.
253901101,.,.,.,.,.,.
253901105,.,.,.,.,.,.
253901106,.,.,.,.,.,.
253901107,.,.,.,.,.,.
254901001,42.6,42.3,75.2,801,16.5,61.2
254901042,.,.,.,.,.,.
254901101,.,.,.,.,.,.
254901104,.,.,.,.,.,.
254902001,25.9,29.6,69.2,811,.,64
254902041,.,.,.,.,.,.
254902101,.,.,.,.,.,.
